,Company,0214price,0214amt,0514price,0514amt,0814price,0814amt,1114price,1114amt,0214-0514chng,0514-0814chng,0814-1114chng
0,1 800 FLOWERS COM,5.409869915341731,48430,5.6371576022231045,37785,5.8078830592534585,30648,7.2109448313330375,20247,-10645,-7137,-10401
1,1ST SOURCE CORP,31.928268925357337,60448,32.08439287984743,50336,30.621485584314385,47483,28.484152263589372,38302,-10112,-2853,-9181
2,3-D SYS CORP DEL,92.93365135803721,158059,59.14999384136057,1404531,59.7998762878272,2179252,46.3702328720891,1777800,1246472,774721,-401452
3,3M CO,140.24991166091652,1904593,135.66002199441292,2373330,143.23974741576305,2803342,141.68012574557966,2126198,468737,430012,-677144
4,58 COM INC,38.362068965517246,16240,41.63091073118138,45447,54.0597491839072,1679956,37.249790709759154,2582538,29207,1634509,902582
5,8X8 INC NEW,10.130041462495287,21224,10.8018517460136,17497,8.06097828471156,18236,6.662998960816675,16359,-3727,739,-1877
6,AAON INC,31.952129500909386,181991,27.87738476535301,114896,33.523768459631356,74216,17.020497803806734,10928,-67095,-40680,-63288
7,AAR CORP,28.008015301940066,307412,25.94907215310272,156653,27.56131224121457,188380,24.14475130027105,136510,-150759,31727,-51870
8,AARONS INC,29.397646542502127,145828,30.23730794407096,355951,35.64002277396836,161588,24.316015510342805,129462,210123,-194363,-32126
9,ABB LTD,26.55896320624917,450620,25.789025836728378,775640,23.02010077491707,756339,22.409756811661328,833387,325020,-19301,77048
10,ABBOTT LABS,38.329961033387264,14397197,38.50998673543172,16706160,40.899967905234455,16036883,41.59002367312687,15458034,2308963,-669277,-578849
11,ABBVIE INC,52.81003388148444,8415806,51.400088633821056,7306466,56.44012451179741,7759586,57.76013656962729,10136368,-1109340,453120,2376782
12,ABERCROMBIE & FITCH CO,32.91042663943,812630,38.4991415956544,511414,43.251962636645004,358319,36.33933269494111,305977,-301216,-153095,-52342
13,ABIOMED INC,26.741984607153142,97188,26.037488148202172,82266,25.137663965617584,44674,24.825757108493185,32426,-14922,-37592,-12248
14,ABM INDS INC,28.58905930925677,157193,28.7498872553441,44348,26.965305226174788,11385,25.70165202972425,32566,-112845,-32963,21181
15,ABRAXAS PETE CORP,3.2638001986660985,49329,3.9622641509433967,15900,6.258878116257576,161211,5.2784928290571695,176755,-33429,145311,15544
16,ACACIA RESH CORP,14.528973229413758,23608,15.266156311198149,22468,17.75940597848968,26127,15.481822091369214,30229,-1140,3659,4102
17,ACADIA HEALTHCARE COMPANY IN,47.3301860790893,395477,45.12091209676672,431884,45.50099473260699,607701,48.49871103820014,533375,36407,175817,-74326
18,ACADIA PHARMACEUTICALS INC,24.989490120713466,499530,24.32813759742005,297680,22.59105002660857,400247,24.75943345226511,231225,-201850,102567,-169022
19,ACADIA RLTY TR,24.830262725672803,1838724,26.379804592570554,2520375,28.09001424695043,2839906,27.5800705187958,2714170,681651,319531,-125736
20,ACCELERATE DIAGNOSTICS INC,12.201099792340667,336609,21.809511620521132,210963,26.001251564455572,95880,21.477968510824407,146336,-125646,-115083,50456
21,ACCENTURE PLC IRELAND,82.21984331317951,2822956,79.72029218283927,2244485,80.83982350830814,2305151,81.32005719240651,2210783,-578471,60666,-94368
22,ACCESS MIDSTREAM PARTNERS L,56.58004528157486,6020992,57.550021064436464,8784949,63.54999589311902,10031944,63.63992692758779,9804521,2763957,1246995,-227423
23,ACCO BRANDS CORP,6.7219995581784335,158435,6.161878186296573,122203,6.415694591728526,132020,6.899339257745618,178133,-36232,9817,46113
24,ACCURAY INC,8.692519028960051,111015,9.600390986088145,998501,8.799241200101942,380601,7.2588573001454915,254310,887486,-617900,-126291
25,ACCURIDE CORP NEW,3.723395043555063,57743,4.427471624623436,65726,4.9018106062927,32641,3.768675131230652,22289,7983,-33085,-10352
26,ACE LTD,103.53034549765495,1000412,99.05999861022413,2417656,103.70010440717395,4566736,104.86994279160038,3326959,1417244,2149080,-1239777
27,ACETO CORP,25.00273433227606,45715,20.076045627376427,46025,18.144057396393848,52965,19.289930988608962,12027,310,6940,-40938
28,ACHILLION PHARMACEUTICALS IN,3.3190626850153184,2396761,3.2902762172362343,2410132,7.569917301027412,2664362,9.980061465155721,3613104,13371,254230,948742
29,ACI WORLDWIDE INC,65.00110546097723,149259,59.19190702715722,83035,55.83136026884595,314232,18.759273196430488,232525,-66224,231197,-81707
30,ACORDA THERAPEUTICS INC,29.200282071389772,1493239,37.91018811422735,1155415,33.710928447770556,293436,33.876353847911936,236271,-337824,-861979,-57165
31,ACORN ENERGY INC,4.070812026485407,79591,3.4108798320797624,11434,2.3638448756055888,42727,1.5418549371479966,46697,-68157,31293,3970
32,ACTAVIS PLC,168.00011934409238,1072529,205.8504232821711,1331972,223.05012830845908,1079430,241.2803016201788,1262515,259443,-252542,183085
33,ACTIVISION BLIZZARD INC,17.83046766550786,2403919,20.44013336183365,2035065,22.30018700042777,3303201,20.79039763719608,2477057,-368854,1268136,-826144
34,ACTUANT CORP,36.639943333655296,1490832,34.15022724410345,1564177,34.56973611490166,2194781,30.519849754570945,2105089,73345,630604,-89692
35,ACTUATE CORP,7.712920170590031,291459,6.022998176973776,285240,4.768639710077772,289181,3.898845424780286,278544,-6219,3941,-10637
36,ACUITY BRANDS INC,109.3199289199564,101857,132.5707128361238,126144,138.25570623699676,131698,117.71078515424064,128306,24287,5554,-3392
37,ACURA PHARMACEUTICALS INC,1.664417453891138,22230,1.452630623269327,22029,1.0908209437621204,24752,0.7950123436127035,23899,-201,2723,-853
38,ACXIOM CORP,36.97871461045671,241950,34.392448051574284,138984,21.691775172540197,141851,16.550210044119822,189484,-102966,2867,47633
39,ADAMS EXPRESS CO,13.071286525610475,279085,12.97879901281579,306731,13.750561162562557,240572,13.935728117316856,91922,27646,-66159,-148650
40,ADOBE SYS INC,59.879299505088476,5166176,65.74006210581133,4147760,72.36014121163706,2910525,69.18998613958091,2479723,-1018416,-1237235,-430802
41,ADTRAN INC,27.00993713408001,1227215,24.410293478720583,1300435,22.559985759215746,1269593,20.530107803718792,1246803,73220,-30842,-22790
42,ADVANCE AUTO PARTS INC,110.68654176449269,126926,126.5001328085384,165652,134.92222950919106,263789,130.3002979457425,510160,38726,98137,246371
43,ADVANCED ENERGY INDS,22.85913510242208,152018,24.496833521297823,92216,19.256099855736057,95658,18.793153521139953,106741,-59802,3442,11083
44,ADVANCED MICRO DEVICES INC,3.8699589101016403,2903390,4.009815899862101,2595381,4.189952037458155,2474014,3.4099545926353545,4202402,-308009,-121367,1728388
45,ADVANTAGE OIL & GAS LTD,4.341245155602868,60121,4.927884615384615,58240,6.719506988658512,53873,5.0906406046592965,51467,-1881,-4367,-2406
46,ADVENT SOFTWARE INC,34.951190584800656,109610,29.35575304851044,135476,32.5654576996006,123935,31.56164068838265,139283,25866,-11541,15348
47,ADVISORY BRD CO,63.66906854315466,94787,64.25495262704565,46440,51.851740425403904,66478,46.59084884152484,150888,-48347,20038,84410
48,AECOM TECHNOLOGY CORP DELAWA,29.429458870504146,224401,32.170076213397515,174510,32.19938778920025,317211,33.751177196605,341914,-49891,142701,24703
49,AEGERION PHARMACEUTICALS INC,70.95870699180307,155668,46.179454922017925,182029,32.091117041555464,104920,33.37915500422332,301895,26361,-77109,196975
50,AEGION CORP,21.888497116304737,115997,25.30544626216608,24145,23.28548644338118,21945,22.25932109070673,19767,-91852,-2200,-2178
51,AEGON N V,9.478611644411846,463570,9.199482223832355,491332,8.769534271271182,523631,8.220953030432188,586550,27762,32299,62919
52,AERCAP HOLDINGS NV,38.34910832804294,693080,42.19182426556396,403609,45.79966115912641,302797,40.89914037054835,206019,-289471,-100812,-96778
53,AEROPOSTALE,9.088752483468255,202338,5.020654591674612,47205,3.4876468566628063,78563,3.2964256179362317,87064,-155133,31358,8501
54,AEROVIRONMENT INC,29.14011557923681,525873,40.251318751469945,535734,31.800306050442824,504492,30.06915508454716,503506,9861,-31242,-986
55,AES CORP,14.509864561256695,3847865,14.28004208716818,3669527,15.550002167257187,3668231,14.179941264437813,3474556,-178338,-1296,-193675
56,AETNA INC NEW,68.59005791754903,4920961,74.96998757867418,2882140,81.08053487354316,1434956,81.00021134358906,1708119,-2038821,-1447184,273163
57,AFFILIATED MANAGERS GROUP,216.88174602353283,193262,200.05291160821892,170095,205.3985245684555,234101,200.36113300567902,458003,-23167,64006,223902
58,AFFYMETRIX INC,8.571295786056208,301238,7.128419397371983,287441,8.908976594659359,252891,7.977671392395705,270505,-13797,-34550,17614
59,AFLAC INC,66.79941253239801,1638218,63.039969767549,1280743,62.24997115251313,1204611,58.249972742314824,834627,-357475,-76132,-369984
60,AG MTG INVT TR INC,15.655899802241269,12136,17.508884458698102,11537,19.024970273483948,5046,17.807947457739186,45373,-599,-6491,40327
61,AGCO CORP,59.18914146313814,458699,55.16079444136997,406575,56.219897201503116,476077,45.45821348903965,346978,-52124,69502,-129099
62,AGILENT TECHNOLOGIES INC,57.189960848387564,13087839,55.920105687305266,12582022,57.44006727271202,12522165,56.980059852402526,9918733,-505817,-59857,-2603432
63,AGILYSYS INC,13.919484858021256,82618,13.405157735054646,32301,14.064507404151735,29578,11.721187271592836,22438,-50317,-2723,-7140
64,AGL RES INC,47.22842471229988,337678,48.96038898184902,399813,55.02861915425978,571121,51.340646656644594,429718,62135,171308,-141403
65,AGNICO EAGLE MINES LTD,26.37927733253098,365590,30.25004204314391,523272,38.30078165183496,631867,29.03211699580544,548806,157682,108595,-83061
66,AGRIUM INC,91.48201196393968,237380,97.51987848450001,325226,91.63327244820714,287974,88.99967543005518,385125,87846,-37252,97151
67,AIR LEASE CORP,31.08224155014863,227075,37.289053077427134,421196,38.58078940923428,600221,32.49928428285143,261975,194121,179025,-338246
68,AIR METHODS CORP,58.260693290087175,73995,53.4285310335077,212190,51.650199806422556,834808,55.551368056079,636816,138195,622618,-197992
69,AIR PRODS & CHEMS INC,111.77985571505918,683370,119.03925553594776,717402,128.62047209500142,782978,130.18073845531714,534142,34032,65576,-248836
70,AIRCASTLE LTD,19.159840702357787,176776,19.373904626418025,136369,17.768767515353886,134168,16.363415747476438,173069,-40407,-2201,38901
71,AIRGAS INC,111.85029865463736,2205725,106.51014408961399,2234651,108.90991156891708,2041816,110.64992100259757,1979179,28926,-192835,-62637
72,AIXTRON SE,14.521013685323277,140004,16.299164001571008,142584,14.542679447677735,140208,15.126966147140214,139486,2580,-2376,-722
73,AK STL HLDG CORP,8.200109710259037,887793,7.220399701139529,808404,7.959969993291839,5444116,8.009976001795794,7060945,-79389,4635712,1616829
74,AKAMAI TECHNOLOGIES INC,47.1798232791348,933789,58.21093058851614,569704,61.06090288889469,651841,59.79906844622679,574524,-364085,82137,-77317
75,AKORN INC,24.619360542714077,235262,21.997654354706555,311215,33.252049828078945,310026,36.276653909240025,36580,75953,-1189,-273446
76,ALAMOS GOLD INC,12.129409218783813,184840,9.016191456361344,275948,10.140204481696992,321887,7.95835348730387,287371,91108,45939,-34516
77,ALASKA AIR GROUP INC,73.37097410377837,806218,93.31101873346651,648305,95.05079438629008,569748,43.54000057399479,801401,-157913,-78557,231653
78,ALASKA COMMUNICATIONS SYS GR,2.110823323068138,98066,1.9328042110457704,97268,1.8052198390600616,98049,1.5691819561318805,115984,-798,781,17935
79,ALBANY INTL CORP,35.929226247404884,171476,35.54633837049561,75704,37.96886667815498,17409,34.043198947847635,19769,-95772,-58295,2360
80,ALBANY MOLECULAR RESH INC,10.0797751690105,180758,18.58905829968759,96347,20.13000629062697,14307,22.086326663895978,16843,-84411,-82040,2536
81,ALBEMARLE CORP,63.38959504907367,254821,66.41989084843112,353087,71.49630675415357,235159,58.902479943873345,229481,98266,-117928,-5678
82,ALCATEL-LUCENT,4.4005295093002985,664011,3.899863520985675,925417,3.5598138848616863,2141685,3.0298631941161287,2142671,261406,1216268,986
83,ALCOA INC,10.62997121904768,3751092,12.869870882820644,3154344,14.889603248456135,3546300,16.93268170973421,3818769,-596748,391956,272469
84,ALERE INC,36.199294604656785,612139,34.35001398593652,722154,37.411541986567904,66557,38.776211756617386,101815,110015,-655597,35258
85,ALEXANDER & BALDWIN INC NEW,41.730659528720004,113945,42.568830795289294,62581,41.4474732982624,56457,35.965404333589895,76657,-51364,-6124,20200
86,ALEXANDERS INC,330.1387970918705,3026,360.9431680773882,3308,369.3869582194455,2561,373.8852046649897,4373,282,-747,1812
87,ALEXANDRIA REAL ESTATE EQ IN,63.61621229332323,253536,72.55755433953013,216187,77.63970704160755,279084,73.75048398229045,297015,-37349,62897,17931
88,ALEXION PHARMACEUTICALS INC,132.8841932299983,1075982,152.13063148060363,1086415,156.2498546058539,859732,165.81983373407982,683724,10433,-226683,-176008
89,ALEXZA PHARMACEUTICALS INC,4.729674978782566,468954,4.430907986558705,457694,4.570216735952852,486629,2.3306331176177757,486134,-11260,28935,-495
90,ALIGN TECHNOLOGY INC,57.13829884219163,263256,51.794370442787894,147294,56.03996146341858,247038,51.67973068533809,502015,-115962,99744,254977
91,ALIMERA SCIENCES INC,4.700960901259112,48288,7.891189982753872,138002,5.983098591549297,88750,5.417494339412966,143978,89714,-49252,55228
92,ALKERMES PLC,40.661941482975934,320693,44.09056352171597,491942,50.33061549764632,417857,42.870460124863975,538506,171249,-74085,120649
93,ALLEGHANY CORP DEL,399.97411450019416,23179,407.37340207641785,28318,438.11033927313,39732,418.1365679215194,41386,5139,11414,1654
94,ALLEGHENY TECHNOLOGIES INC,35.62960620034103,420493,37.68065902065465,307001,45.1022893468748,343242,37.098248497327035,216614,-113492,36241,-126628
95,ALLEGIANT TRAVEL CO,105.43662282239565,99823,111.92401488897444,54537,117.76893751035969,36198,123.65201412060543,20679,-45286,-18339,-15519
96,ALLEGION PUB LTD CO,44.18923485152987,1186737,52.171339982354795,550858,56.67965672030263,560942,47.6402001445386,434486,-635879,10084,-126456
97,ALLERGAN INC,111.07979162658695,1866073,124.10008659587075,1097050,169.2203846041319,1435554,178.18979699708404,1076487,-769023,338504,-359067
98,ALLETE INC,49.87972356879661,928694,52.42048876645307,1098807,51.34937377480647,1098806,44.3900902436391,1120633,170113,-1,21827
99,ALLIANCE DATA SYSTEMS CORP,262.922382399378,126041,272.4554557082685,122743,281.2522768006761,137254,248.26984539757905,119209,-3298,14511,-18045
100,ALLIANCE FIBER OPTIC PRODS I,15.049205147615444,33025,14.47294863034971,16099,18.075878964444147,15103,12.404986318029795,16445,-16926,-996,1342
101,ALLIANCE HEALTHCARE SRVCS IN,24.71522625143693,19138,33.57400722021661,8310,26.984283878620143,10117,22.58889967351981,11333,-10828,1807,1216
102,ALLIANCE HOLDINGS GP LP,58.62964923254582,332528,62.121386687364705,329822,64.7897428326865,772221,68.23971937465586,808195,-2706,442399,35974
103,ALLIANCE NEW YORK MUN INC FD,11.865142526407174,13822,12.51627839675879,13822,12.805672116915064,13822,12.588626826797856,13822,0,0,0
104,ALLIANCE ONE INTL INC,3.0496576811833176,1188658,2.9190204139177363,312091,2.4990030572909747,263305,1.968306364376443,179342,-876567,-48786,-83963
105,ALLIANCE RES PARTNER L P,77.01213746791966,51823,84.14054573610295,187270,46.64993470062873,626346,42.84100148892807,757592,135447,439076,131246
106,ALLIANCEBERNSTEIN GBL HGH IN,14.294735633503645,17419,14.759561974289793,12602,14.342453662842011,13596,13.622352590235655,10057,-4817,994,-3539
107,ALLIANCEBERNSTEIN HOLDING LP,21.340625515308087,291088,24.96959064512007,633851,25.880018051652346,779984,26.00966909800252,782286,342763,146133,2302
108,ALLIANCEBERNSTEIN INCOME FUN,7.129521050723588,587557,7.339495020710321,363104,7.519223090892697,388205,7.500604887490926,438098,-224453,25101,49893
109,ALLIANT ENERGY CORP,51.59971177023552,273393,56.8108628280027,263946,60.85905791609828,475032,55.410144007497756,499349,-9447,211086,24317
110,ALLIANT TECHSYSTEMS INC,121.68170715654296,136742,142.14400912811172,91147,133.91907800978996,403475,127.64058338598343,1315287,-45595,312328,911812
111,ALLIED NEVADA GOLD CORP,3.549702703816102,145646,4.309917252895322,967768,3.759551086261657,1182588,3.309981560376304,2098199,822122,214820,915611
112,ALLIED WRLD ASSUR COM HLDG A,112.814569156444,174286,103.18969950224913,200301,38.019886028448454,1305238,36.84027436175911,1555173,26015,1104937,249935
113,ALLISON TRANSMISSION HLDGS I,27.608773454675603,58677,29.928172386272944,62650,31.09387520899081,101081,28.48444377427856,139269,3973,38431,38188
114,ALLSCRIPTS HEALTHCARE SOLUTN,15.459961327512007,7970007,18.03007634034949,7477173,16.05004038286392,8961722,13.414981347005535,8356031,-492834,1484549,-605691
115,ALLSTATE CORP,54.53998227657099,1731042,56.58038950630231,1520951,58.719981124059906,1720709,61.369551156918924,1365221,-210091,199758,-355488
116,ALNYLAM PHARMACEUTICALS INC,64.29948950652297,440750,67.13956015443172,512589,63.16871806801856,563111,78.10122481855349,571105,71839,50522,7994
117,ALON USA ENERGY INC,16.5401604860007,1179916,14.9403298397683,1535776,12.439765129032171,1443516,14.359958993701715,1289558,355860,-92260,-153958
118,ALON USA PARTNERS LP,16.6865315852205,16780,16.660329105807445,268242,17.929909425879874,881488,17.709911541647532,931964,251462,613246,50476
119,ALPHA & OMEGA SEMICONDUCTOR,7.707252846063682,62279,7.362458186952647,59491,9.27849997583724,41386,9.41351994600547,28151,-2788,-18105,-13235
120,ALPHA NATURAL RESOURCES INC,7.139947254443706,1539087,4.249430181968702,562899,3.709703887071377,572822,2.480113722287754,132252,-976188,9923,-440570
121,ALPHATEC HOLDINGS INC,1.9803488460659608,13129,1.539436747260708,11043,1.6256032512065024,98425,1.7049101412066752,99712,-2086,87382,1287
122,ALPINE TOTAL DYNAMIC DIVID F,4.203132197144173,17368,8.394366197183098,17750,8.897398355670683,17758,8.501778433243691,34581,382,8,16823
123,ALPS ETF TR,18.124144610982626,6384522,17.893764818017242,9554669,19.13536805110885,9490489,19.169892011138607,6861541,3170147,-64180,-2628948
124,ALTERA CORP,32.51099075361934,19353086,36.23492342550422,17127896,34.759998091493614,8299684,35.77999157648636,8725575,-2225190,-8828212,425891
125,ALTISOURCE PORTFOLIO SOLNS S,158.70032223415683,3724,121.67228386412692,26407,114.63844797178129,3969,100.82191780821918,5475,22683,-22438,1506
126,ALTISOURCE RESIDENTIAL CORP,30.136739834472827,11116,31.563661213855553,46826,26.02069933521509,64833,23.980068514481466,12844,35710,18007,-51989
127,ALTRA INDL MOTION CORP,34.214082797804565,72514,35.70086433671553,13305,36.39921722113503,7665,29.124820659971302,13940,-59209,-5640,6275
128,ALTRIA GROUP INC,38.39001328900582,8433287,37.42980731716407,6359103,41.939944783572585,7685394,45.93996079542407,6095717,-2074184,1326291,-1589677
129,ALUMINUM CORP CHINA LTD,8.69157905693765,19214,8.633093525179858,20155,8.990266736013076,13459,10.123734533183352,16002,941,-6696,2543
130,AMAG PHARMACEUTICALS INC,24.280025088603573,132331,19.349000879728546,198925,20.72169224388221,60275,31.91500475329858,95723,66594,-138650,35448
131,AMARIN CORP PLC,1.9707407144378952,225296,1.8098723989403651,296706,1.7597190091970885,283568,1.0894014907599348,453460,71410,-13138,169892
132,AMAZON COM INC,398.7895449522029,3318091,336.36508147042656,2962977,324.78033368011404,3244125,322.4404776968869,2844984,-355114,281148,-399141
133,AMBAC FINL GROUP INC,24.559798765149782,21865,31.02348506813569,17245,27.293033645120765,28652,22.112564591964997,21481,-4620,11407,-7171
134,AMBARELLA INC,33.88831589804037,20361,26.715072114910328,50683,31.184164833892808,86390,43.6878425005074,19708,30322,35707,-66682
135,AMBEV SA,7.349891248351878,5638995,7.409981217321706,5917154,7.040016687446963,5062488,6.549885947362809,4821458,278159,-854666,-241030
136,AMC NETWORKS INC,68.10862527015368,117063,73.08045303337208,1552645,61.48986324961168,2102005,58.42023007176189,2895966,1435582,549360,793961
137,AMDOCS LTD,41.239627942756094,213193,46.46063015844328,331980,46.33038166247061,577526,45.88016982995625,467762,118787,245546,-109764
138,AMEDISYS INC,14.622149197590186,96771,14.903170711550649,36301,16.736764514590472,46126,20.15355086372361,13546,-60470,9825,-32580
139,AMERCO,237.82416192283364,9486,232.06660973526903,4684,290.7277907277907,7722,261.90285026093943,12455,-4802,3038,4733
140,AMEREN CORP,36.15962637793897,1228193,41.2000398563962,1655945,40.88041742199049,1614098,38.33009724095113,1264385,427752,-41847,-349713
141,AMERICA MOVIL SAB DE CV,23.37004514843864,4905596,19.87985024813536,5685405,20.74997665319237,6606899,25.199981972784858,5036829,779809,921494,-1570070
142,AMERICAN AIRLS GROUP INC,25.250049687210225,1564789,35.44999011873357,1452243,42.95966281812272,1489048,35.48015822426836,1670793,-112546,36805,181745
143,AMERICAN APPAREL INC,1.2020033388981637,14975,0.5094243504839532,51038,0.9006767942768423,233158,0.8187712201916103,224727,36063,182120,-8431
144,AMERICAN ASSETS TR INC,31.42725163286353,186176,33.74307304785894,198500,34.54989277278702,202374,32.972553317806096,218970,12324,3874,16596
145,AMERICAN AXLE & MFG HLDGS IN,20.450200500109013,2343889,18.52018195014336,2226544,18.889572534559765,2259130,16.770378051543922,2144734,-117345,32586,-114396
146,AMERICAN CAMPUS CMNTYS INC,32.209837623157966,3250094,37.34985113445809,3214310,38.24015823573766,2298343,36.44973126744512,1867284,-35784,-915967,-431059
147,AMERICAN CAP LTD,15.641356778139668,686833,15.795995549829366,853001,15.29024712104289,1479963,14.159619103876956,1266277,166168,626962,-213686
148,AMERICAN CAP MTG INVT CORP,17.460022211402222,365578,18.770086362419786,489449,20.01907876805669,293520,18.81444690384927,37046,123871,-195929,-256474
149,AMERICAN CAPITAL AGENCY CORP,19.289573713418648,2077288,21.489588992416852,1367639,23.409707132280825,1248072,21.249892570518078,1466078,-709649,-119567,218006
150,AMERICAN EAGLE OUTFITTERS NE,14.400621629095768,589419,12.239164226981364,728236,11.219203442043566,546652,14.51861710172106,363671,138817,-181584,-182981
151,AMERICAN ELEC PWR INC,46.74042780801632,1615304,50.66026772499534,1459408,55.769463542776435,1999302,52.21062389832132,1816546,-155896,539894,-182756
152,AMERICAN EQTY INVT LIFE HLD,26.379879511797967,3936485,23.619953493049866,3937476,24.59999572423316,3975895,22.88023275099934,3943098,991,38419,-32797
153,AMERICAN EXPRESS CO,90.73018684236536,3692685,90.02999550135435,2943108,94.86974222445784,2934297,87.5397057071237,2257547,-749577,-8811,-676750
154,AMERICAN FINL GROUP INC OHIO,57.719650635311105,177236,57.70807757813372,206089,59.559703148766644,184739,57.889969078790884,197599,28853,-21350,12860
155,AMERICAN HOMES 4 RENT,16.207314959265034,46152,16.709742443444334,200422,17.759276255408412,152540,16.891965039658768,277114,154270,-47882,124574
156,AMERICAN INTL GROUP INC,51.018122279050466,14217693,49.983702350493964,16572942,54.536697518231705,14735179,53.98459427681983,12545857,2355249,-1837763,-2189322
157,AMERICAN MIDSTREAM PARTNERS,27.08023774145617,673000,25.459955657551827,1028360,28.84020228930337,1051761,29.07028317806275,980761,355360,23401,-71000
158,AMERICAN NATL INS CO,114.58603685439915,7706,113.06256860592757,5466,114.23319327731093,7616,112.38358922728419,7946,-2240,2150,330
159,AMERICAN PUBLIC EDUCATION IN,43.46964310047941,80723,35.07141816061798,54888,34.376549815979736,76622,26.9854155586037,35723,-25835,21734,-40899
160,AMERICAN RAILCAR INDS INC,45.739696656872866,12593,70.02474207553335,21421,67.7576361476258,26093,73.8961865632776,17281,8828,4672,-8812
161,AMERICAN RLTY CAP PPTYS INC,12.85215447854017,459067,14.020040174760569,2796283,12.529787888272082,2913936,12.05996390861647,3807557,2337216,117653,893621
162,AMERICAN SCIENCE & ENGR INC,71.9053850358616,60371,67.17074601570901,30683,69.593147751606,36426,55.38902645640558,30692,-29688,5743,-5734
163,AMERICAN SOFTWARE INC,9.863461216284136,47752,10.177906495655774,24170,9.866511897852584,31014,8.800184056137121,17386,-23582,6844,-13628
164,AMERICAN STS WTR CO,28.73192076870832,179626,32.289109150980565,131964,33.223243190216145,91743,30.43308035176485,66408,-47662,-40221,-25335
165,AMERICAN SUPERCONDUCTOR CORP,1.638121921460527,265548,1.610628075971981,289949,1.6298670275385807,437459,1.409609748372978,385213,24401,147510,-52246
166,AMERICAN TOWER CORP NEW,79.81992534710331,11272436,81.87000025387543,9532234,90.15889826468735,9177885,93.72304268099151,8040488,-1740202,-354349,-1137397
167,AMERICAN WOODMARK CORP,39.53770221137126,56933,33.68105908219114,21377,31.858737796048022,21407,36.84481226913545,21387,-35556,30,-20
168,AMERICAN WTR WKS CO INC NEW,42.262430927653654,238699,45.39995750538111,216498,49.45364198473897,248738,48.22887151851627,313049,-22201,32240,64311
169,AMERICAS CAR MART INC,42.24350464631139,21092,36.66338582677165,8128,39.56880152187698,7885,39.6663577386469,5395,-12964,-243,-2490
170,AMERIGAS PARTNERS L P,44.5688979400522,123741,42.250166186572116,361040,45.389524761780564,483063,45.618971061093255,452816,237299,122023,-30247
171,AMERIPRISE FINL INC,115.05018792532505,1454035,110.0701967660426,1655062,119.99955335445496,1701573,123.3801266090172,1358671,201027,46511,-342902
172,AMERIS BANCORP,21.114585249218322,27185,23.28279702970297,25856,21.547140148887962,21627,21.967069329824987,25083,-1329,-4229,3456
173,AMERISAFE INC,42.24394004671096,44101,43.906747350379526,114356,40.671836599559406,235593,39.10996567958254,391895,70255,121237,156302
174,AMERISOURCEBERGEN CORP,70.30940480376775,1077779,65.5893850499064,1058281,72.66000470907605,577608,77.29982326333761,667660,-19498,-480673,90052
175,AMETEK INC NEW,52.67008659497779,1671575,51.48992679766546,2045973,52.27975491651489,2428397,50.210173165834114,2752968,374398,382424,324571
176,AMGEN INC,114.07977614809376,3459430,123.33969280304464,3037465,118.370021211138,3504291,140.45990450509194,6226510,-421965,466826,2722219
177,AMICUS THERAPEUTICS INC,2.3417866118345896,52524,2.0659280784598617,44048,3.3471469556901496,62740,5.948454311776347,87922,-8476,18692,25182
178,AMKOR TECHNOLOGY INC,6.1285358246966375,293708,6.859678947300121,385295,11.181878699555604,222324,8.41348083685233,186843,91587,-162971,-35481
179,AMN HEALTHCARE SERVICES INC,14.698937426210152,304920,13.74432636395122,109718,12.295276976808367,105081,15.696438451905994,34339,-195202,-4637,-70742
180,AMPCO-PITTSBURGH CORP,19.46137212502457,15261,18.867043384859667,21413,22.916198607054596,17804,20.019269885451237,18682,6152,-3609,878
181,AMPHENOL CORP NEW,89.1801410356863,2414708,91.64990444990444,2289375,96.33983164241799,2361640,99.86029575125866,2124488,-125333,72265,-237152
182,AMSURG CORP,45.92490050181693,86685,47.15672676837725,4326,45.52673372154579,13223,50.05308943240877,53683,-82359,8897,40460
183,AMTRUST FINL SVCS INC,32.69214925478534,254893,37.60636571887971,206481,41.80967624830864,242408,39.823643914997454,222958,-48412,35927,-19450
184,ANADARKO PETE CORP,79.3202173103587,4957702,84.75996597031478,4000037,109.4701753771127,4451322,101.44000575937834,3722624,-957665,451285,-728698
185,ANADIGICS INC,1.8311705927567028,44234,1.6982974567995583,47106,0.8105435030695312,341746,0.6739399321302845,252248,2872,294640,-89498
186,ANALOG DEVICES INC,50.93007220245218,1387903,53.139832625530865,1152864,54.06997886861292,3852563,49.49001820964553,4207111,-235039,2699699,354548
187,ANALOGIC CORP,88.5636089670654,32519,82.0,3500,78.28425821064552,7064,64.01306995395811,6733,-29019,3564,-331
188,ANDERSONS INC,89.16839449426695,80062,59.24337820234477,110544,51.56876621844775,63585,62.88680375324417,35063,30482,-46959,-28522
189,ANGIES LIST INC,15.129001756044849,14806,12.178469941321914,81291,11.95630453606874,30026,6.365528216427959,40845,66485,-51265,10819
190,ANGIODYNAMICS INC,17.15918575207594,141382,15.748838274558967,165917,16.331698487500972,218777,13.720604365992685,157719,24535,52860,-61058
191,ANGLOGOLD ASHANTI LTD,11.721527140591485,164569,17.079708492471298,732331,17.21022038975601,3084853,12.000097479214586,2954476,567762,2352522,-130377
192,ANHEUSER BUSCH INBEV SA/NV,106.46046893506005,1282523,105.29858609502888,625431,114.93919267819305,561610,110.85118118268694,578361,-657092,-63821,16751
193,ANIKA THERAPEUTICS INC,38.16099557613594,24187,41.09765940274414,30975,46.32675438596491,40128,36.660389202762076,47790,6788,9153,7662
194,ANIXTER INTL INC,89.84103399935606,798221,101.5187802595412,678505,100.07001800462976,699820,84.83987075135997,586776,-119716,21315,-113044
195,ANN INC,36.56177936472513,134430,41.48137347816578,109736,41.141331641688474,151332,41.13146792333096,170186,-24694,41596,18854
196,ANNALY CAP MGMT INC,9.970070035528435,2379221,10.97044645761659,811544,11.430749405593769,1101940,10.679929064664098,1514055,-1567677,290396,412115
197,ANSYS INC,87.19889424558073,240198,77.01736377299325,230883,75.82086185103229,301421,75.6701347130185,371679,-9315,70538,70258
198,ANTARES PHARMA INC,4.474033807204263,130978,3.5010452395932696,98542,2.665048859229086,92306,1.8295105275262928,95654,-32436,-6236,3348
199,ANTERO RES CORP,63.44053122079899,1209290,62.59977607587877,939604,65.62962849271337,260614,54.88782619801053,70471,-269686,-678990,-190143
200,ANWORTH MORTGAGE ASSET CP,4.209605554492524,109749,4.959302016279193,939850,5.1587129741901965,184736,4.789567482349716,816984,830101,-755114,632248
201,AOL INC,46.61862254869317,345377,43.7707466170519,1110422,39.790119655609814,2737941,44.94984683100538,2712690,765045,1627519,-25251
202,AON PLC,83.89041647956368,1498729,84.27989426004241,878003,90.09070043160091,856115,87.66890952032861,521211,-620726,-21888,-334904
203,APACHE CORP,85.93983655303045,2427454,82.95025984285087,4326846,100.61995790908342,4155766,93.87006486806055,2743569,1899392,-171080,-1412197
204,APARTMENT INVT & MGMT CO,25.909567094111342,1015648,30.21935144391131,897008,32.270209583377145,1179292,31.81957260975084,1150424,-118640,282284,-28868
205,APCO OIL & GAS INTERNATIONAL,15.576070600675099,24589,14.465323779910774,29588,14.423463238248294,24890,12.868495257626247,19505,4999,-4698,-5385
206,API TECHNOLOGIES CORP,3.4104085669463204,14661,2.922203230964327,18137,2.736238330748295,68342,2.3459478657482267,106993,3476,50205,38651
207,APOGEE ENTERPRISES INC,35.913095714857825,99880,33.24590982889971,40035,34.86560186988703,15402,39.77599080987938,13928,-59845,-24633,-1474
208,APOLLO COML REAL EST FIN INC,16.250118757522618,3178746,16.629904746690915,3417939,16.49011952040491,3435815,15.709775536734538,3203865,239193,17876,-231950
209,APOLLO ED GROUP INC,27.32010456882732,2302407,34.24033674380765,678498,31.249337728227683,707791,25.15007997341144,770256,-1623909,29293,62465
210,APOLLO GLOBAL MGMT LLC,31.610001350410837,770136,31.800566834403377,778005,27.72035962522507,998039,23.83997909051668,1767619,7869,220034,769580
211,APOLLO INVT CORP,8.474797841148899,535470,8.310291370475918,2831790,8.610224409843289,3183773,8.169940727880991,2952653,2296320,351983,-231120
212,APOLLO RESIDENTIAL MTG INC,14.784658238697233,23335,16.23090222645637,28341,16.716133049744045,123653,15.429211562669625,173178,5006,95312,49525
213,APPLE INC,561.0200507726131,6984868,536.7399898486592,8392980,92.92999525990987,55264772,100.7499786349577,56739883,1408112,46871792,1475111
214,APPLIED INDL TECHNOLOGIES IN,49.08988535441714,1056735,48.239812691614034,911011,50.73046479381375,920236,45.6499912474673,993998,-145724,9225,73762
215,APPLIED MATLS INC,17.679996776500968,17422062,20.41498277139039,11309096,22.549926593327037,10342384,21.609969095408573,8087795,-6112966,-966712,-2254589
216,APPROACH RESOURCES INC,19.300520931322808,1296908,20.910468059568576,1239714,22.73161008503149,141477,14.499741076052215,56001,-57194,-1098237,-85476
217,APTARGROUP INC,67.8034832336886,96175,66.09490732537122,141085,67.01086721219205,92388,60.705910891889715,98936,44910,-48697,6548
218,AQUA AMERICA INC,23.587947122285275,404783,25.06811415827732,380244,26.221075690545398,257007,23.529411764705877,463930,-24539,-123237,206923
219,ARATANA THERAPEUTICS INC,19.09854851031321,35343,18.55888338902988,318392,15.610363215681861,302107,10.041751553107472,318072,283049,-16285,15965
220,ARBOR RLTY TR INC,6.658729719253558,72236,6.917337813133059,60717,6.948948392476606,32379,6.7633847901285575,19369,-11519,-28338,-13010
221,ARC DOCUMENT SOLUTIONS INC,8.2092346688942,34717,7.439666122300853,16533,5.871931156669197,19755,8.11611374407583,16880,-18184,3222,-2875
222,ARCELORMITTAL SA LUXEMBOURG,19.711641189002307,9308611,17.206582867486507,12958122,15.623030421265902,14311436,14.377210256021007,12700169,3649511,1353314,-1611267
223,ARCH CAP GROUP LTD,59.691536130779674,124423,57.54083797006703,235259,57.43818931447353,222413,54.71815964079054,254559,110836,-12846,32146
224,ARCH COAL INC,4.449714329065472,3308527,4.8197143673338845,2782945,3.6499119076986255,3058156,2.1201290130742554,2636632,-525582,275211,-421524
225,ARCHER DANIELS MIDLAND CO,43.399919903884665,3121250,43.39002378969715,3104285,44.10982776165483,3185934,51.0999534339083,2052996,-16965,81649,-1132938
226,ARCOS DORADOS HOLDINGS INC,12.119943197895413,1141507,10.079611912739573,1080994,11.200371987213865,1079607,5.9798869623579956,1451198,-60513,-1387,371591
227,ARENA PHARMACEUTICALS INC,5.8501030960791525,500504,6.299813184875287,1394962,5.860966898997733,809764,4.192069171764657,190598,894458,-585198,-619166
228,ARES CAP CORP,17.769725937632504,856119,17.619628285354775,1954241,17.859734541142842,2556253,16.160088470891555,2445098,1098122,602012,-111155
229,ARGO GROUP INTL HLDGS LTD,46.488982582944345,99615,45.8440962750163,41423,51.10600069486955,120886,50.3124436464565,127543,-58192,79463,6657
230,ARIAD PHARMACEUTICALS INC,6.8200655683496745,919346,8.060961488177506,401565,6.368739864445543,491463,5.399302940859075,843257,-517781,89898,351794
231,ARM HLDGS PLC,54.728676221802864,286687,50.97286118262778,236930,45.23906491813961,122770,43.691415763441455,252521,-49757,-114160,129751
232,ARMOUR RESIDENTIAL REIT INC,4.009421423019699,1184959,4.119649393724076,389839,4.330418210042573,260252,3.849080903875425,409968,-795120,-129587,149716
233,ARMSTRONG WORLD INDS INC NEW,57.609897415084035,2143590,53.25011040020972,2647187,57.43006358528553,2838078,56.00015269298621,2567243,503597,190891,-270835
234,ARQULE INC,2.1493148348211752,263805,2.052051719672469,150581,1.5502277104866584,300601,1.1215689146875172,218444,-113224,150020,-82157
235,ARRAY BIOPHARMA INC,5.015173295000799,31305,4.700757376685411,342498,4.561706324744175,283885,3.569126729909088,308759,311193,-58613,24874
236,ARRIS GROUP INC NEW,24.34023089948535,571071,28.18131727835938,148822,32.52990546775354,381034,28.35333659566796,310616,-422249,232212,-70418
237,ARROW ELECTRS INC,54.25114757754279,269045,59.361975774941385,245696,60.40985523461896,436154,55.35119156183307,422177,-23349,190458,-13977
238,ARROW FINL CORP,26.54966392830471,26780,26.42731488885335,25012,25.929969585900327,25646,25.09793506407277,15061,-1768,634,-10585
239,ARROWHEAD RESH CORP,10.861077589266698,14087,16.4426383244764,15995,14.33981004407474,16109,14.775376071533199,78509,1908,114,62400
240,ARTISAN PARTNERS ASSET MGMT,65.16647999185419,9821,64.23555697414618,37596,56.676060118089104,149040,52.04685339715202,142487,27775,111444,-6553
241,ARUBA NETWORKS INC,17.902680796928337,173717,18.749362220921306,186193,17.52127295769548,347977,21.58650133584229,112663,12476,161784,-235314
242,ASBURY AUTOMOTIVE GROUP INC,53.73984817980526,746541,55.310106954072225,801933,68.73911617326651,749966,64.41964060428393,871908,55392,-51967,121942
243,ASCENA RETAIL GROUP INC,21.159332164643022,309178,17.278893044581142,462819,17.099276298840252,469669,13.300654623827468,571626,153641,6850,101957
244,ASHFORD HOSPITALITY PRIME IN,18.194503344779,73099,15.116661189615511,24344,17.160338426729975,62761,15.231353522499056,50291,-48755,38417,-12470
245,ASHFORD HOSPITALITY TR INC,8.281293159944322,184633,11.267138267545516,132598,11.535214355348039,214387,10.217983651226158,174692,-52035,81789,-39695
246,ASHLAND INC NEW,97.03975012023052,1201858,99.48060801703394,1284964,108.7388390420678,274842,104.09857089304388,304106,83106,-1010122,29264
247,ASML HOLDING N V,93.70141956357666,332567,93.36001789623378,500664,93.27091535134392,494302,98.8194883505865,529855,168097,-6362,35553
248,ASPEN INSURANCE HOLDINGS LTD,41.310996760513255,331534,39.69790114428052,363722,45.42119522549297,700554,42.769977949591095,895675,32188,336832,195121
249,ASPEN TECHNOLOGY INC,41.802729044834315,320625,42.360504179720735,344401,46.399601945437006,365779,37.72119288382711,357889,23776,21378,-7890
250,ASSOCIATED BANC CORP,11.767838125665603,1201920,11.450417001365945,1080572,9.941980717286324,888153,9.733816034866212,902421,-121348,-192419,14268
251,ASSOCIATED ESTATES RLTY CORP,16.052817635719045,196601,16.94355049143255,114970,18.021145859263434,152654,17.508323843137937,115031,-81631,37684,-37623
252,ASSURANT INC,66.36930629148081,679983,64.95992978217282,829419,65.54955743474932,749494,64.29946483149092,731919,149436,-79925,-17575
253,ASSURED GUARANTY LTD,23.589943546883212,589870,25.31992804011381,1724294,24.500026809054628,6378442,22.16141341109381,617966,1134424,4654148,-5760476
254,ASTORIA FINL CORP,13.824130297055076,140479,13.818369897849234,116005,13.450941374559925,104528,12.393198946958249,105219,-24474,-11477,691
255,ASTRAZENECA PLC,59.36924912536149,197796,64.87991672522706,532214,74.30964517620328,330953,71.43982329075462,571334,334418,-201261,240381
256,ASTRONICS CORP,50.994466876028106,20061,63.38511448000499,16029,56.45779351118572,27401,47.669166337762576,22803,-4032,11372,-4598
257,AT&T INC,35.159975324140895,20167079,35.07005682821033,17722184,35.359979936900956,21101426,35.239993135095574,13302443,-2444895,3379242,-7798983
258,ATHENAHEALTH INC,134.44186646042795,7758,160.25869229856409,16854,125.13609911770227,26635,131.66901550231526,19868,9096,9781,-6767
259,ATHLON ENERGY INC,30.25428126621692,77080,35.452338608128976,154066,47.69996802338861,218910,58.23167724328413,121652,76986,64844,-97258
260,ATLANTIC PWR CORP,3.4821088521735977,165417,2.900450237254402,82401,4.103127423106746,61904,2.385693992265186,147127,-83016,-20497,85223
261,ATLANTIC TELE NETWORK INC,56.557185125268745,46979,65.92594971259753,31141,58.023774145616635,13460,53.89797882579403,10390,-15838,-17681,-3070
262,ATLAS ENERGY LP,46.85019113793186,2079650,43.039857678459214,1386157,44.87949624831709,1186934,44.00074784077668,599058,-693493,-199223,-587876
263,ATLAS PIPELINE PARTNERS LP,35.04999239865781,2946848,32.10987472699818,3086060,34.400108650707644,3306007,36.46003787479573,3605564,139212,219947,299557
264,ATLAS RESOURCE PARTNERS LP,20.47995003587935,1236087,20.89090286357792,557659,20.279910319994567,323818,19.461903928720442,74299,-678428,-233841,-249519
265,ATMEL CORP,7.830070256379924,760785,8.359989070429192,15539494,9.369957493979733,12687144,8.080019895180275,14809617,14778709,-2852350,2122473
266,ATMOS ENERGY CORP,45.4183701281003,183450,47.1287973755101,149972,53.39865670074379,219013,47.70061715746941,366033,-33478,69041,147020
267,ATOSSA GENETICS INC,2.3199230464550444,35346,1.697326710431071,40063,1.6922910740647392,27773,1.3474132798546048,63826,4717,-12290,36053
268,ATRION CORP,296.137339055794,3495,306.0635226179018,5195,326.0105448154657,5690,305.1691924434295,4817,1700,495,-873
269,ATWOOD OCEANICS INC,53.391566497893564,129365,50.38986655160723,454258,52.48027506745756,175666,43.68921524032317,369336,324893,-278592,193670
270,AU OPTRONICS CORP,3.1188296535630946,44568,3.481930888947508,75820,4.194975899452186,60787,4.188809002813379,15995,31252,-15033,-44792
271,AUDIENCE INC,11.637021404883932,33170,12.492680070271328,25615,11.926111908177905,11152,7.385764142520898,12321,-7555,-14463,1169
272,AURICO GOLD INC,3.661991294133905,477609,4.350165821913522,399525,4.2588941129211655,463031,3.489805691694772,196286,-78084,63506,-266745
273,AUTODESK INC,50.31837279061037,833771,49.18004037870933,1368543,56.37936002702711,905757,55.10022121190853,769398,534772,-462786,-136359
274,AUTOLIV INC,91.80189734574984,206499,100.3485309656358,126818,106.58069873368258,81891,91.91553427039936,77049,-79681,-44927,-4842
275,AUTOMATIC DATA PROCESSING IN,80.7990448844066,2024467,77.26009448303043,1758411,79.280218748124,2065572,83.07944279934145,2105238,-266056,307161,39666
276,AUTONATION INC,49.69027179335372,456045,53.22962526267746,420668,59.67921666753829,248579,50.30932487918717,363372,-35377,-172089,114793
277,AUTOZONE INC,477.9372807182221,239703,537.1003723742973,237127,536.2392634881448,194430,509.66073013759427,144192,-2576,-42697,-50238
278,AUXILIUM PHARMACEUTICALS INC,20.72959029820944,245398,27.179192538701333,433383,20.06023538913239,237734,29.85064472289927,587927,187985,-195649,350193
279,AVAGO TECHNOLOGIES LTD,52.88070573521089,404571,64.41112040564508,407647,72.0701906401238,770929,87.00147235117588,497164,3076,363282,-273765
280,AVALONBAY CMNTYS INC,118.23012947429876,5208833,131.32018035719344,5049757,142.19006053853388,4609626,140.9700901945859,4138275,-159076,-440131,-471351
281,AVANIR PHARMACEUTICALS INC,3.359932027266503,1085141,3.669991671397365,1553682,5.639954041832684,744155,11.92022131710947,880185,468541,-809527,136030
282,AVEO PHARMACEUTICALS INC,1.828609765676136,244448,1.492848845651227,220384,1.8302905393973885,195051,1.1122672311721862,195097,-24064,-25333,46
283,AVERY DENNISON CORP,50.18952559311085,978232,50.669538944620406,1314636,51.2499496095405,1314733,44.65002334635909,1120089,336404,97,-194644
284,AVG TECHNOLOGIES N V,17.210377600821992,171292,20.960445884816874,176189,20.13239466218346,237925,16.579464319443918,211768,4897,61736,-26157
285,AVIAT NETWORKS INC,2.254979746941161,95788,1.5841165909810964,75752,1.2818913787607922,144318,1.7985872387334465,344715,-20036,68566,200397
286,AVIS BUDGET GROUP,40.4303041558924,69997,48.69816779170685,49776,59.69184035503029,168549,54.89272755028946,170314,-20221,118773,1765
287,AVISTA CORP,28.18964572628131,173397,30.646081437638173,56092,33.514818814494845,133344,30.53304729240397,146366,-117305,77252,13022
288,AVIV REIT INC MD,23.700219932498044,952565,24.449569223768158,1006439,28.1702168540945,936805,26.350272100074537,892135,53874,-69634,-44670
289,AVIVA PLC,15.149546902226742,223241,16.02137730478901,258592,17.599204739105733,295752,16.93978346907402,305730,35351,37160,9978
290,AVNET INC,44.10855479765358,397882,46.53166960811634,387564,44.31045443803526,600874,41.50023030513543,662165,-10318,213310,61291
291,AVON PRODS INC,17.220549846630146,1400536,14.639941942418066,979717,14.610162461906734,1393619,12.600038535102188,1063965,-420819,413902,-329654
292,AVX CORP NEW,13.927956574503515,212594,13.184761682515607,68564,13.285886829699088,76999,13.281728573815224,71828,-144030,8435,-5171
293,AXCELIS TECHNOLOGIES INC,2.434364163894983,70655,2.151077331230057,139465,2.001478569754233,110918,1.9860363219426305,48841,68810,-28547,-62077
294,AXIALL CORP,47.43950959196263,854309,44.91992182542704,787980,47.268895280856846,684192,35.811436986206886,666854,-66329,-103788,-17338
295,AXIS CAPITAL HOLDINGS LTD,47.56889918603379,375077,45.8483941349357,367123,44.28021347723971,386177,47.329981978563964,379548,-7954,19054,-6629
296,AXOGEN INC,4.491988963647803,103295,3.0495183697177985,103295,2.7763853005822696,103732,2.444021133594508,111292,0,437,7560
297,AZZ INC,48.85290614372767,57929,44.671370219086526,26930,46.062923691986796,23012,41.74837118097286,15809,-30999,-3918,-7203
298,B & G FOODS INC NEW,33.90769571721425,126343,30.13134174607262,23298,32.68913829513909,638316,27.550041971220683,602794,-103045,615018,-35522
299,B2GOLD CORP,2.020097838164942,1241029,2.6902691877719422,994696,2.9201992761057443,1218410,2.0304568527918785,978105,-246333,223714,-240305
300,BABCOCK & WILCOX CO NEW,34.19055536188356,410201,33.20052645884895,279604,32.46120659661819,316162,27.68891340319912,226625,-130597,36558,-89537
301,BADGER METER INC,54.488076756674225,39293,55.10224639871058,129051,52.646845540246545,131005,50.44695705670157,107281,89758,1954,-23724
302,BAIDU INC,177.87796798997326,402124,152.27052706728418,535074,186.8106078385356,481493,218.2316822862533,343479,132950,-53581,-138014
303,BAKER HUGHES INC,55.260284984638176,1962983,65.01901747819615,1565665,74.45003070291294,2040523,65.06024265484528,1424987,-397318,474858,-615536
304,BALCHEM CORP,58.702630302750386,86606,52.12491195116224,29813,53.557259984131186,45372,56.56518707878225,21515,-56793,15559,-23857
305,BALL CORP,51.66137253736722,521647,54.80879558248772,446224,62.67962169645319,703562,63.26992670020922,1245979,-75423,257338,542417
306,BALLY TECHNOLOGIES INC,78.44783118405627,213250,66.2691487298817,144396,65.72622971952634,54301,80.68574103329237,68364,-68854,-90095,14063
307,BALTIC TRADING LIMITED,6.435224386113463,70860,6.302766864498872,59815,5.980796687256831,203819,4.102764481781771,10237,-11045,144004,-193582
308,BANCFIRST CORP,56.035348463546896,34853,56.62213571618154,22606,61.89936425016017,20291,62.564632885212,11604,-12247,-2315,-8687
309,BANCO BILBAO VIZCAYA ARGENTA,12.3898367589617,1062968,12.010700313312348,1270617,12.769947872135036,1341509,12.000182268251375,1558143,207649,70892,216634
310,BANCO BRADESCO S A,12.53850752088258,2790364,13.677541447942692,2413811,14.520611249184036,3514246,14.250116402867892,3492182,-376553,1100435,-22064
311,BANCO DE CHILE,87.75470972702807,10404,75.28886174811578,62227,80.10714873621356,66823,73.96527765562611,56851,51823,4596,-9972
312,BANCO MACRO SA,24.288440133566546,25156,28.165086447295035,25102,36.03312361674085,40213,39.59959707882145,47652,-54,15111,7439
313,BANCO SANTANDER BRASIL S A,6.101438564529157,116366,5.569266495433504,397898,6.919762793242664,1622888,6.5405039673589895,2097239,281532,1224990,474351
314,BANCO SANTANDER CHILE NEW,23.565876217652267,40652,23.441403911518346,202121,26.453561090662195,223864,22.087082542215864,218046,161469,21743,-5818
315,BANCO SANTANDER SA,9.069715931588233,2338662,9.579812203142485,2052963,10.420054988388232,6827987,9.500012161512368,10689460,-285699,4775024,3861473
316,BANCOLOMBIA S A,49.01190208847968,17812,56.478802365077364,158980,57.79761265656146,214213,56.721209499533465,279719,141168,55233,65506
317,BANCORPSOUTH INC,25.41977489868766,2865643,24.96009820448145,3212888,24.57007470489068,3479558,20.139893519727607,3067047,347245,266670,-412511
318,BANK HAWAII CORP,59.140839544919565,81568,60.60415487495546,95406,58.68655507559395,148160,56.80959892920312,104595,13838,52754,-43565
319,BANK MONTREAL QUE,66.66026219097114,968073,67.01042144413832,1194844,73.58873833478489,773882,73.62058900003434,1019185,226771,-420962,245303
320,BANK MUTUAL CORP NEW,7.008075788165864,154536,6.349710294467815,12599,5.805781335940843,16363,6.438735432361084,15531,-141937,3764,-832
321,BANK N S HALIFAX,62.5489630928137,1058195,58.019588809999135,1474209,66.60050544437472,682172,61.85015205562161,539934,416014,-792037,-142238
322,BANK NEW YORK MELLON CORP,34.939794709117486,4154203,35.289901955905044,3516275,37.47986901243801,3443075,38.72984422584123,2796035,-637928,-73200,-647040
323,BANK OF THE OZARKS INC,56.58989331002422,1495267,68.06025054348156,1485331,33.44986266928725,2882822,31.519866961810934,2776947,-9936,1397491,-105875
324,BANKFINANCIAL CORP,9.155345540460722,27088,9.985951323233474,26337,11.1731843575419,27745,10.371610622761732,21501,-751,1408,-6244
325,BANKRATE INC DEL,17.939402903212887,324537,16.945897622673993,151010,17.529902337320312,36452,11.362019914651494,56240,-173527,-114558,19788
326,BANKUNITED INC,32.91624792990701,141298,34.772671073120854,149629,33.475254872856524,76803,30.49102428722281,189400,8331,-72826,112597
327,BANNER CORP,44.82008375553401,910507,41.21023964501101,1020426,39.630332295095855,1015182,38.46944739611771,987199,109919,-5244,-27983
328,BARCLAYS BANK PLC,31.576855562547607,150965,34.38738132615684,133770,28.131064759859058,53073,29.04685022763305,68751,-17195,-80697,15678
329,BARCLAYS BK PLC,31.502982098943487,1417961,36.46986349378419,1378179,22.4856360167566,543547,27.59225829528243,357854,-39782,-834632,-185693
330,BARCLAYS PLC,18.128172535418752,475172,15.70063899825728,743664,14.61013679076693,892531,14.81046211783141,1082343,268492,148867,189812
331,BARD C R INC,133.9399585811102,4695925,147.97987353547217,3248658,143.00960001947476,2300412,142.70966206651585,571503,-1447267,-948246,-1728909
332,BARNES & NOBLE INC,14.950289932554696,778112,20.899147234446612,219052,22.79177429635345,149045,19.73618180514732,139490,-559060,-70007,-9555
333,BARNES GROUP INC,38.310229563974865,1755197,38.470147282489314,1438596,38.539814627887814,1282933,30.35028661769609,1208753,-316601,-155663,-74180
334,BARRETT BILL CORP,26.780279975654288,299026,25.600261669588896,262927,26.782893816102533,250085,22.04113559530889,373302,-36099,-12842,123217
335,BARRETT BUSINESS SERVICES IN,92.72947184518209,22323,59.569722596533616,43042,46.977901361042,20499,39.487557992408256,18968,20719,-22543,-1531
336,BARRICK GOLD CORP,17.629904286275742,6297425,17.830033654784447,7383497,18.299813356234452,6670997,14.66002645509232,5623114,1086072,-712500,-1047883
337,BASIC ENERGY SVCS INC NEW,15.777664585710015,237551,27.41376865898365,98746,29.222149514254852,258263,21.69144732435872,238896,-138805,159517,-19367
338,BAXTER INTL INC,69.5502795292255,1819130,73.5800677813917,1728498,72.2996308652214,1598874,71.76977764682198,1296451,-90632,-129624,-302423
339,BAYTEX ENERGY CORP,39.158344481431925,96429,41.13319042929146,69044,46.15109899029253,246408,37.859105467670354,615070,-27385,177364,368662
340,BAZAARVOICE INC,7.914865314266713,15035,7.2898899506997825,42799,7.886699301284464,47802,7.398076500109973,50013,27764,5003,2211
341,BB&T CORP,37.320015203180034,2215326,40.169742362351954,2241986,39.43000481235004,2366827,37.209957976488106,1879900,26660,124841,-486927
342,BBCN BANCORP INC,16.59028153377551,175645,17.142025846392574,123731,15.97494126859828,12770,14.583155316300664,35109,-51914,-110961,22339
343,BBVA BANCO FRANCES S A,6.9577859701957525,19259,8.388870764785384,21457,11.648706426421187,45842,12.915585218143615,64728,2198,24385,18886
344,BCE INC,43.288557625259934,641047,43.14043604087823,1248782,45.359812601191905,1161160,42.75976677837549,1485111,607735,-87622,323951
345,BE AEROSPACE INC,87.02823688584147,239474,86.7902383746813,296508,92.4911477072348,351039,83.94147082543105,405473,57034,54531,54434
346,BEACON ROOFING SUPPLY INC,40.28186678287117,94087,38.6579434338123,98893,33.124430988122214,94462,25.484110678847752,91508,4806,-4431,-2954
347,BEAZER HOMES USA INC,24.41965631594815,145948,20.07909471788245,255390,20.981398056583355,255941,16.781332638500047,360758,109442,551,104817
348,BEBE STORES INC,5.313496280552604,68693,6.123753325703413,67279,3.061786156598321,58136,2.3157439713465284,32387,-1414,-9143,-25749
349,BECTON DICKINSON & CO,110.490283030199,1473659,117.07945986293005,1105275,118.29884834682044,557199,113.81109817769214,408932,-368384,-548076,-148267
350,BED BATH & BEYOND INC,80.29991218485424,1491770,68.79945617939431,1203338,57.379725316551074,2309422,65.82993180591059,4035687,-288432,1106084,1726265
351,BELDEN INC,70.45024605458642,620594,69.59988865327776,610705,78.16023206435601,668780,64.0199495270119,700969,-9889,58075,32189
352,BELLATRIX EXPLORATION LTD,7.32925600601666,281884,8.429692694521082,261694,8.710832667642016,222826,6.150862787280137,66007,-20190,-38868,-156819
353,BEMIS INC,40.959798109736866,244093,39.24238097451802,301154,40.66329755838604,286327,38.0184389680207,199035,57061,-14827,-87292
354,BENCHMARK ELECTRS INC,23.078914099550143,467483,22.651424902204308,355077,25.482224873160423,341179,22.21056909503271,381395,-112406,-13898,40216
355,BENEFICIAL MUTUAL BANCORP IN,10.921340035264087,37999,13.179080446061185,33538,13.570681623728492,42076,12.76928422515636,34536,-4461,8538,-7540
356,BENEFITFOCUS INC,57.740033041572076,11388078,46.97001502820457,11380601,46.21996676625425,11380601,26.940053419869784,8526041,-7477,0,-2854560
357,BERKLEY W R CORP,43.389732215448376,1248429,41.62194238640033,229182,46.30677089172214,294363,47.799757274076995,486969,-1019247,65181,192606
358,BERKSHIRE HATHAWAY INC DEL,130.68292775226942,5602086,136.50731202069906,4981865,136.13751871636651,5270788,152.26142211878314,3821467,-620221,288923,-1449321
359,BERKSHIRE HILLS BANCORP INC,27.252324462968897,18714,25.859798809711908,18987,23.25127002735444,10236,23.45488786166752,11682,273,-8751,1446
360,BERRY PLASTICS GROUP INC,23.79043741495881,189614,23.150996881294603,380286,25.800581639185037,1449696,25.24017795379655,2262385,190672,1069410,812689
361,BEST BUY INC,39.880060078693816,5518096,26.4096791162546,1188125,31.01008879521819,1157720,33.59050381466569,932585,-4329971,-30405,-225135
362,BGC PARTNERS INC,6.050955976821163,565861,6.539278891005063,671022,7.440561725351154,661106,7.430256672120385,671713,105161,-9916,10607
363,BHP BILLITON LTD,68.19988776041056,2685327,67.76985782583783,4026259,68.44988111077801,2421582,58.879953186408244,2529180,1340932,-1604677,107598
364,BHP BILLITON PLC,62.12275977342372,150766,61.76456538700381,188409,65.23169425674864,208227,55.528220711589405,254051,37643,19818,45824
365,BIG 5 SPORTING GOODS CORP,19.817417810728852,128271,16.054307645790864,102527,12.273631963043961,81394,9.375,47360,-25744,-21133,-34034
366,BIG LOTS INC,32.29109053037881,169954,37.87154418728069,218581,45.704900540320004,191183,43.049954137122725,343415,48627,-27398,152232
367,BIGLARI HLDGS INC,506.72766415500536,3716,487.4184529356943,1073,423.07692307692315,702,339.59044368600684,1172,-2643,-371,470
368,BIO RAD LABS INC,123.61434940892543,24447,128.11053492499914,28733,119.68866410248646,33019,113.40764824276205,25836,4286,4286,-7183
369,BIOAMBER INC,7.4527884797574675,15833,11.415132220501347,17433,9.958350295932107,31933,9.996651839096952,20907,1600,14500,-11026
370,BIOCRYST PHARMACEUTICALS,7.601060707273133,98802,10.591853004821381,26341,12.76808433296983,22008,9.768666647790017,35317,-72461,-4333,13309
371,BIODEL INC,2.2797088310110816,113611,2.7306585553433633,115723,2.1587143656666696,225134,1.6683185412079165,222979,2112,109411,-2155
372,BIOGEN IDEC INC,279.5729365014381,1148026,305.86985640827487,1237049,315.31083166365624,1398474,330.81066859274017,1193447,89023,161425,-205027
373,BIOMARIN PHARMACEUTICAL INC,70.34951221256858,726956,68.20975559105968,597114,62.21012142916076,957513,72.15859108731881,452434,-129842,360399,-505079
374,BIOMED REALTY TRUST INC,18.119946771549813,5252830,20.48993673615143,4042277,21.829984005224386,4073205,20.2002009934407,4164315,-1210553,30928,91110
375,BIOSCRIP INC,7.411829080236782,20103,6.976027133276807,25946,8.358980204415063,26319,6.902083289359816,47377,5843,373,21058
376,BIOTA PHARMACEUTIALS INC,4.192673854107559,63444,6.1167774467109775,69808,2.8523045986135367,188970,2.4714294725132318,174393,6364,119162,-14577
377,BITAUTO HLDGS LTD,31.959868542553448,898846,35.84018302634399,942378,48.66681946672779,13089,77.99961850226954,1079954,43532,-929289,1066865
378,BJS RESTAURANTS INC,31.059553084571792,56118,32.743148193063305,8246,34.930277509319346,14486,35.967926689576174,13095,-47872,6240,-1391
379,BLACK DIAMOND INC,13.330415102774491,1073710,12.230383513287055,1154093,11.219575887833447,1164126,7.55987068505141,1151607,80383,10033,-12519
380,BLACK HILLS CORP,52.510768251315575,402108,57.64935615109455,797858,61.3895837026241,761595,47.879134085287326,742244,395750,-36263,-19351
381,BLACKBAUD INC,37.64978459979003,248607,31.301717742395702,105138,35.74234553279313,85277,39.289104524839146,113772,-143469,-19861,28495
382,BLACKBERRY LTD,7.440101740330927,5146435,8.080013775685913,1742200,10.239780709476484,1317704,9.940665688394864,1394977,-3404235,-424496,77273
383,BLACKROCK BUILD AMER BD TR,19.148609317716613,240853,20.238579658621205,233465,21.70201140593518,234264,21.020782574899602,239287,-7388,799,5023
384,BLACKROCK CR ALLCTN INC TR,13.065407522669958,74548,13.518394303699498,19381,13.737533848490852,15141,13.341258833630539,15141,-55167,-4240,0
385,BLACKROCK DEBT STRAT FD INC,3.9928632543825326,150769,4.09731886274628,232103,4.100243893817821,226328,3.82431336191911,51774,81334,-5775,-174554
386,BLACKROCK ENH CAP & INC FD I,13.663315287445213,11637,13.973424774967851,11665,14.7251122860879,17589,14.835492268607096,31883,28,5924,14294
387,BLACKROCK ENHANCED EQT DIV T,7.961942914371558,19970,7.933667382486282,16764,8.392955421023666,43608,8.202602654838394,61322,-3206,26844,17714
388,BLACKROCK GLOBAL OPP EQTY TR,14.945127667788013,18133,14.662332972192127,13845,15.036140852692206,25871,14.1022647676862,21415,-4288,12026,-4456
389,BLACKROCK INC,316.4700324628132,495336,314.4812154796843,438872,319.60138878755754,466018,328.31978394163787,364346,-56464,27146,-101672
390,BLACKROCK INCOME OPP TRUST I,9.712947706183332,34593,10.349926071956627,20290,10.855644325181437,16397,10.334495199657557,16353,-14303,-3893,-44
391,BLACKROCK INCOME TR INC,6.48387162340698,49199,6.509587490270997,28266,6.649204110417086,19852,6.334343156155329,25417,-20933,-8414,5565
392,BLACKROCK INTL GRWTH & INC T,8.15297084873013,17049,8.029729909084876,15069,8.198799763333614,11831,7.555819679089907,11779,-1980,-3238,-52
393,BLACKROCK KELSO CAPITAL CORP,9.332192134826814,241851,9.170537538371738,284389,9.110530934381284,366938,8.538705910548833,392214,42538,82549,25276
394,BLACKROCK LONG-TERM MUNI ADV,10.188880021282255,37590,10.846045656172237,36972,11.278805582603052,36972,11.260582481711829,36499,-618,0,-473
395,BLACKROCK MUNI INCOME INV QL,12.87413172346074,27497,13.746954213186893,27497,14.14699785431138,27497,14.14699785431138,27497,0,0,0
396,BLACKROCK MUNI INTER DR FD I,13.902271163110804,101710,14.200857558711302,101684,14.598964694933985,103158,14.467382003796336,101677,-26,1474,-1481
397,BLACKROCK MUNIHLDGS NJ QLTY,13.130002163097556,46230,13.822584845065535,46084,14.34337297109626,46084,13.980708789422344,46135,-146,0,51
398,BLACKROCK MUNIHLDGS NY QLTY,12.483640390617134,59598,13.367548891348832,59622,13.775630054699821,59598,13.354333875102627,59681,24,-24,83
399,BLACKROCK MUNIHLDNGS CALI QL,13.219425946428276,121034,13.91967446322824,120908,14.320243692470696,120808,14.232283303461086,122187,-126,-100,1379
400,BLACKROCK MUNIY QUALITY FD I,11.685095990774034,58964,12.5,57520,12.79251170046802,57690,12.78976818545164,57546,-1444,170,-144
401,BLACKROCK MUNIYIELD CALIF FD,13.781049376491547,59502,14.705388054183052,59502,15.117543144448975,58872,15.145140933950357,61802,0,-630,2930
402,BLACKROCK MUNIYIELD NY QLTY,12.08022205715626,76737,12.981530343007915,75800,13.18649471091146,75911,12.817258883248732,86680,-937,111,10769
403,BLACKROCK MUNIYIELD PA QLTY,12.826228608662849,29159,13.936062187051366,28559,14.076123113554393,28559,14.076123113554393,28559,-600,0,0
404,BLACKROCK MUNIYLD INVST QLTY,12.2379376065804,29907,13.116633509795324,29657,13.436986898100058,29843,13.318946623056952,29657,-250,186,-186
405,BLACKROCK MUNIYLD MICH QLTY,12.152401029233966,96771,12.994027525318101,96275,13.660946923691778,96333,13.098174131106093,96502,-496,58,169
406,BLACKROCK REAL ASSET EQUITY,8.703461789679947,61240,8.898996390962575,20227,9.410085015250829,15409,8.470052315029005,28099,-41013,-4818,12690
407,BLACKSTONE GROUP L P,31.499823271243734,2707539,33.25018562875964,2098274,33.44019174593663,3337750,31.479900260326385,2878694,-609265,1239476,-459056
408,BLACKSTONE MTG TR INC,27.13001506397822,2288904,28.749955999783648,2329534,28.999876710002088,2319734,27.1000023803408,2814723,40630,-9800,494989
409,BLDRS INDEX FDS TR,37.151998471897244,20941,36.341929321872016,20940,29.766889062964268,74042,28.96926152017719,74044,-1,53102,2
410,BLOCK H & R INC,29.03996145963017,1158266,30.190004663299828,2519675,33.52002531203219,2117570,31.009596197168797,1290407,1361409,-402105,-827163
411,BLOOMIN BRANDS INC,24.00994008248306,1956523,24.099882880777816,2084201,22.429885845452304,2077184,18.34038957908716,1937527,127678,-7017,-139657
412,BLUCORA INC,29.15839975774934,317027,19.690019853731282,335957,18.871206988115077,109214,15.241795637378257,76697,18930,-226743,-32517
413,BLUELINX HLDGS INC,1.9629598019970984,11717,1.2675216224276766,13412,1.4105590419713283,34738,1.308373590982287,49680,1695,21326,14942
414,BLYTH INC,10.878941819227451,229526,10.729860309365783,182761,7.78220816719373,72730,8.113059408531798,26747,-46765,-110031,-45983
415,BOARDWALK PIPELINE PARTNERS,25.52064919795769,121627,13.409965425755177,1536693,18.500205650771534,2032572,18.69999555436368,2789252,1415066,495879,756680
416,BOB EVANS FARMS INC,50.5795574288725,52195,50.038973802826455,59014,50.06363003337575,41647,47.35555862959377,21687,6819,-17367,-19960
417,BOEING CO,136.49004725626293,8406928,125.48997426567982,6647543,127.23002973877432,5947118,127.38011501226906,5587230,-1759385,-700425,-359888
418,BOFI HLDG INC,78.4273448091697,24341,85.76765035487486,13385,73.48885313720983,17404,72.61078483715963,3746,-10956,4019,-13658
419,BOISE CASCADE CO DEL,29.524104469908124,9687,28.645120950408376,51178,28.649012756283412,47506,30.151898734177212,39500,41491,-3672,-8006
420,BOK FINL CORP,66.3238406147757,138457,69.05066894392257,140520,66.59851974535479,154568,66.48066055773506,141214,2063,14048,-13354
421,BONA FILM GROUP LTD,5.752698597375735,30942,6.279979803080031,31688,6.194227437649137,61186,6.016031732914635,60505,746,29498,-681
422,BONANZA CREEK ENERGY INC,43.47058318996179,198203,44.40332314685422,130238,57.1914930293693,232045,56.89900426742532,240426,-67965,101807,8381
423,BOOZ ALLEN HAMILTON HLDG COR,19.13190364277321,27232,21.99947600172413,236642,21.238195505386727,252658,23.405715816437574,119458,209410,16016,-133200
424,BORGWARNER INC,55.91058316417312,997575,61.46949730901151,795061,65.18955952065143,780309,52.60891383341816,561958,-202514,-14752,-218351
425,BOSTON BEER INC,241.80567601912173,49577,244.75025847623803,28049,223.53206187115185,26636,221.75872650556198,20856,-21528,-1413,-5780
426,BOSTON PRIVATE FINL HLDGS IN,12.62003237609684,3220277,13.529923514698954,3310440,13.439756346052775,3341132,12.389942690179556,3255463,90163,30692,-85669
427,BOSTON PROPERTIES INC,100.37113245008554,997757,114.52963879869179,855534,118.17980981085628,1013938,115.75925642061844,932893,-142223,158404,-81045
428,BOSTON SCIENTIFIC CORP,12.019976654074116,17290383,13.520031365911231,5983566,12.770075859941125,6372006,11.809761419931846,3434193,-11306817,388440,-2937813
429,BOTTOMLINE TECH DEL INC,36.158678738284955,106807,35.15168678537294,28249,29.890389435486888,26731,27.612161190748022,23649,-78558,-1518,-3082
430,BOULDER BRANDS INC,15.86393187437048,87368,17.616689813417068,66244,14.168460392175415,42277,13.620715461757221,13362,-21124,-23967,-28915
431,BOULDER GROWTH & INCOME FD I,8.04103462080128,347219,8.128894080996885,349248,8.520724405128384,313471,8.838392379973076,295642,2029,-35777,-17829
432,BOULDER TOTAL RETURN FD INC,23.008634687466806,329485,24.328613791087168,335202,25.66099401243473,313316,26.34092178355568,302609,5717,-21886,-10707
433,BOYD GAMING CORP,11.25972493639615,433936,13.201829570473398,123089,12.132844813263494,228718,10.156860388244485,133112,-310847,105629,-95606
434,BP PLC,48.6099933833852,6666551,48.099865603538554,5302967,52.749839874682934,4900849,43.949968152357705,4508968,-1363584,-402118,-391881
435,BPZ RESOURCES INC,1.8186762756229389,58834,3.170289855072464,26496,3.0769787688464953,110498,1.9138848014464735,103977,-32338,84002,-6521
436,BRADY CORP,30.928983193767532,188561,27.151424984890053,21509,29.877985191365102,38356,22.444470287242698,34396,-167052,16847,-3960
437,BRANDYWINE RLTY TR,14.090084396997984,4835954,14.45993631139617,4734599,15.599966973436802,4917254,14.069953154629948,4772937,-101355,182655,-144317
438,BRAVO BRIO RESTAURANT GROUP,16.269975458602715,1194716,14.110254737867109,1415141,15.609842634426697,1420514,12.969711937060099,1417225,220425,5373,-3289
439,BREITBURN ENERGY PARTNERS LP,20.339716542248187,591552,19.970085446440596,542211,22.119468509306284,76991,20.31789755390205,178611,-49341,-465220,101620
440,BRF SA,20.871085339075197,187628,19.979877695831835,1095302,24.309953340211486,1916211,23.79033609783243,1491530,907674,820909,-424681
441,BRIDGE CAP HLDGS,20.5405304165418,533920,23.76043520407425,552936,24.210835729085264,557932,22.739098761577694,538104,19016,4996,-19828
442,BRIDGEPOINT ED INC,17.711859496950087,120823,14.891783524317546,140413,13.281856253246712,155927,11.156020107416762,127913,19590,15514,-28014
443,BRIGHT HORIZONS FAM SOL IN D,36.723634847853276,23990,39.10554561717353,55900,42.942625835973246,39774,42.04120595020285,25142,31910,-16126,-14632
444,BRIGHTCOVE INC,14.141186204821546,26589,9.809333729670051,23549,10.541697108861287,28743,5.565721256480634,13116,-3040,5194,-15627
445,BRINKER INTL INC,46.33930107313458,226719,52.45990463805808,92280,48.6515724556203,234792,50.79087002581964,218051,-134439,142512,-16741
446,BRINKS CO,34.141105051452264,81046,28.55184634158573,59821,28.22538177988415,18990,24.04704399873989,28569,-21225,-40831,9579
447,BRISTOL MYERS SQUIBB CO,53.15010108280941,5987665,51.9499503753244,6697273,48.50999669240026,6820656,51.1799611475399,7541350,709608,123383,720694
448,BRISTOW GROUP INC,75.06283161128177,143240,75.5309033280507,31550,80.63275166959038,32493,67.20345463541899,22231,-111690,943,-10262
449,BRITISH AMERN TOB PLC,107.42211786735716,136713,111.43302608706041,167401,119.08082850965894,200746,113.08016877637131,223965,30688,33345,23219
450,BRIXMOR PPTY GROUP INC,20.330682896743763,270773,21.329959197920346,710503,22.95002069225572,4460606,22.260001997925343,5395597,439730,3750103,934991
451,BROADCOM CORP,29.64509238412047,3743284,31.470132996701913,1807714,37.12008194888764,2460070,40.42011023311946,2051652,-1935570,652356,-408418
452,BROADRIDGE FINL SOLUTIONS IN,39.52059771994368,352272,37.13896430960532,406608,41.63908256449985,425970,41.6285536570195,437296,54336,19362,11326
453,BROADSOFT INC,27.32096884358745,152264,26.731973584813705,41037,26.387625113739762,14287,21.03125204743497,15263,-111227,-26750,976
454,BROCADE COMMUNICATIONS SYS I,8.864321030947707,975258,10.61001601732107,1627613,9.200032883028246,4573788,10.869948861247877,9151377,652355,2946175,4577589
455,BROOKDALE SR LIVING INC,27.182466434802887,102934,33.51193833427336,234036,33.340456139413675,524138,32.220740834328005,601538,131102,290102,77400
456,BROOKFIELD ASSET MGMT INC,38.830336603915306,511224,40.85088426394292,924215,44.019726480550204,657796,44.95972062883725,634568,412991,-266419,-23228
457,BROOKFIELD PPTY PARTNERS L P,19.93946447494146,499211,18.70012312596761,851973,20.86985400140407,1427274,21.068365982220122,254220,352762,575301,-1173054
458,BROOKLINE BANCORP INC DEL,9.549697771737186,1761417,9.420202385981852,1590624,9.370385453550655,1608365,8.549660645999793,1572694,-170793,17741,-35671
459,BROOKS AUTOMATION INC,10.491869465206836,188241,10.931601100060131,101449,10.770826065972505,209269,10.50843994994765,234954,-86792,107820,25685
460,BROWN & BROWN INC,31.389691884650635,212745,30.75707856512475,205091,30.710629207142574,248090,32.151322502158386,318525,-7654,42999,70435
461,BROWN FORMAN CORP,75.48580253706369,527066,89.66107131401691,561180,94.10630730656841,491763,90.17807923687175,500676,34114,-69417,8913
462,BROWN SHOE INC NEW,28.13763630440199,417448,26.53921632423805,291983,28.607964806216177,307327,27.131360275675558,366808,-125465,15344,59481
463,BRUKER CORP,19.769514151536626,652014,22.789722990884762,619402,24.269854960080394,631895,18.5149193297203,802650,-32612,12493,170755
464,BRUNSWICK CORP,46.05959383779263,815487,45.29063788718971,664177,42.12923490146358,905452,42.13999850853862,1126412,-151310,241275,220960
465,BRYN MAWR BK CORP,30.157510564733,15618,28.718790294221076,17062,29.157293649420318,11558,28.320449754040762,14230,1444,-5504,2672
466,BT GROUP PLC,63.13011262110457,122002,63.85348613044875,140055,65.62906711561654,167502,61.481364417278,196157,18053,27447,28655
467,BUCKEYE PARTNERS L P,71.01013713050502,1991096,75.05030449748304,2471449,83.06014285670892,2962829,79.63997264115736,3410963,480353,491380,448134
468,BUCKLE INC,52.56164998677501,162571,45.79565702794022,135253,44.36187860750921,160949,45.386061519179755,150002,-27318,25696,-10947
469,BUFFALO WILD WINGS INC,147.19381878112318,56429,148.90349665801247,90515,165.709169588898,80418,134.26467269780704,48747,34086,-10097,-31671
470,BUILD A BEAR WORKSHOP,7.535139834806549,13802,9.64019495412844,27904,13.36046008682697,62423,13.060097685283502,9418,14102,34519,-53005
471,BUILDERS FIRSTSOURCE INC,7.139334948438138,46643,9.125265001382617,10849,7.470376094796497,23292,5.45181509532515,30632,-35794,12443,7340
472,BUNGE LIMITED,82.10989572333037,610779,79.50828211272007,191980,75.638444336567,251314,84.23171131254192,192291,-418799,59334,-59023
473,BURGER KING WORLDWIDE INC,22.858294558558306,287773,26.549940025422057,335142,27.219541937450703,206653,29.658397890225807,97072,47369,-128489,-109581
474,BURLINGTON STORES INC,32.00053690128643,655614,29.51936382806688,681451,31.860530688887692,833445,39.86059517623952,927658,25837,151994,94213
475,C D I CORP,18.526546115101976,96888,17.144161318905567,74486,14.401562203357651,73742,14.511535389762056,66361,-22402,-744,-7381
476,C H ROBINSON WORLDWIDE INC,58.34896704007811,704674,52.39001503608306,2547871,63.79020052655278,2103113,66.31996122144422,1992854,1843197,-444758,-110259
477,C&J ENERGY SVCS INC,23.10169280134245,176394,29.162802628203863,50681,33.784657443153485,54137,30.538773483406445,24166,-125713,3456,-29971
478,CA INC,33.650063897176715,1905405,30.97991050897345,1848230,28.740156765152,2752525,27.939556374040155,2128595,-57175,904295,-623930
479,CABELAS INC,66.66423315794688,191767,65.51359990866797,175185,62.40050748662461,167098,58.89920653173874,139136,-16582,-8087,-27962
480,CABLEVISION SYS CORP,17.930171608197874,1029438,16.869976502494108,924779,17.649999062109327,1812578,17.510089743769612,1069155,-104659,887799,-743423
481,CABOT CORP,51.40638642883872,128272,59.05551197064072,189923,57.98687089715536,153552,50.77118954461156,172007,61651,-36371,18455
482,CABOT MICROELECTRONICS CORP,45.69957477520378,1075196,44.000315768132886,1114742,44.649262905906475,1109492,41.449915653721646,1118603,39546,-5250,9111
483,CABOT OIL & GAS CORP,38.76013378106655,1484515,33.879564768236015,1528473,34.14003021894467,1436847,32.690055259150384,3777112,43958,-91626,2340265
484,CACI INTL INC,73.22408136200406,116123,73.80127587975419,555695,70.2101160473567,682480,71.2701979349797,470407,439572,126785,-212073
485,CADENCE DESIGN SYSTEM INC,14.020092260765797,530453,15.540164338479107,563958,17.490111666291078,514748,17.209544406724287,1150873,33505,-49210,636125
486,CAE INC,12.740299909948712,127705,13.18154293326874,206425,13.127481123283852,272558,12.129851470438895,265873,78720,66133,-6685
487,CAESARS ACQUISITION CO,12.060170472139376,1595334,14.210325394584995,1367386,12.369901310249588,1543828,9.470174327829339,1487829,-227948,176442,-55999
488,CAESARS ENTMT CORP,21.538967444919432,54738,19.015925837889235,33656,18.080714240197477,298163,12.55472572753026,15532,-21082,264507,-282631
489,CAL DIVE INTL INC DEL,2.009595365257536,110470,1.7060347100516464,64477,1.3210427430718648,238448,0.9690747174015644,516988,-45993,173971,278540
490,CAL MAINE FOODS INC,60.21511873829234,33098,62.679955703211505,4515,74.32162661737523,67625,89.33100303551953,76099,-28583,63110,8474
491,CALAMOS ASSET MGMT INC,11.840196213900791,115792,12.940373966776345,49844,13.387193697002068,59908,11.270579507518475,35047,-65948,10064,-24861
492,CALAMOS STRATEGIC TOTL RETN,10.899634834568994,18074,11.143095923484076,21538,11.97899573350837,12188,11.724915445321308,17740,3464,-9350,5552
493,CALAMP CORP,27.965004416800785,82639,27.86937405993289,138288,21.64740414602825,21804,17.626371763908306,23601,55649,-116484,1797
494,CALGON CARBON CORP,20.57328400713278,150292,21.81978388906924,43126,22.324324324324326,55500,19.371151258105296,49042,-107166,12374,-6458
495,CALIFORNIA WTR SVC GROUP,23.06632459141011,126288,23.932083589428395,52064,24.18848453411232,36629,22.449573312645462,41248,-74224,-15435,4619
496,CALIX INC,9.639408988556092,1620950,8.430224702049946,1924148,8.179796654537345,1900903,9.569792505796055,1546742,303198,-23245,-354161
497,CALLAWAY GOLF CO,8.428412024589386,242869,10.217070883022911,89556,8.321203503487501,118853,7.2361702876861855,113596,-153313,29297,-5257
498,CALLIDUS SOFTWARE INC,13.70473537604457,17950,12.523641568266626,19563,11.92504258943782,22306,12.04368174726989,16025,1613,2743,-6281
499,CALLON PETE CO DEL,6.529637024187478,61106,8.369916237763649,158544,11.647758563718472,181580,8.81402230821762,109825,97438,23036,-71755
500,CALPINE CORP,19.509957650469016,7068083,20.909991060957424,8061266,23.809963568193048,9095898,21.700032316698426,6897363,993183,1034632,-2198535
501,CALUMET SPECIALTY PRODS PTNR,26.003182903262477,35188,25.854323063099624,34501,31.787209020787934,57822,27.4534146941357,85381,-687,23321,27559
502,CAMBREX CORP,17.826578394962056,154825,18.865251880086532,77656,20.70057338991845,75167,18.685689961395628,68127,-77169,-2489,-7040
503,CAMDEN PPTY TR,56.88000217955473,5175369,67.34006128166895,5001822,71.1499648532006,3799777,68.53003639700069,3522543,-173547,-1202045,-277234
504,CAMECO CORP,20.773122338213387,189957,22.900849221078683,355620,19.612881123672487,233520,17.659441086310125,347746,165663,-122100,114226
505,CAMERON INTERNATIONAL CORP,59.530083306983435,6774222,61.77012952095949,5474944,67.71004507387435,5492095,66.38025620199775,2807160,-1299278,17151,-2684935
506,CAMPBELL SOUP CO,43.27956315666725,518813,44.879856659149894,733915,45.81077132537161,804265,42.72969306376211,667826,215102,70350,-136439
507,CAMPUS CREST CMNTYS INC,9.408261530663962,31568,8.673647469458986,57300,8.665393013100436,58624,6.400850073369428,39526,25732,1324,-19098
508,CANADIAN NAT RES LTD,33.84022582024405,975289,38.369874932251264,1463127,45.9107473142665,707721,38.840085909673675,1947627,487838,-755406,1239906
509,CANADIAN NATL RY CO,57.020104169287684,794860,56.219439624887066,1115824,65.02152166715162,598002,70.96118054378455,595861,320964,-517822,-2141
510,CANADIAN PAC RY LTD,151.31390112337309,101035,150.4289670177521,161784,181.13493759911742,130527,207.471521733046,142916,60749,-31257,12389
511,CANADIAN SOLAR INC,29.822800736957202,133522,32.04393719234683,156223,31.260055246941686,164715,35.77534655611118,124583,22701,8492,-40132
512,CANCER GENETICS INC,13.796810607418024,16743,15.073765234124439,12472,11.282941454947135,12674,9.033203125,12288,-4271,202,-386
513,CANON INC,31.99963915558005,908979,31.06009084528029,916063,32.7501743638716,959201,32.589548467334545,961658,7084,43138,2457
514,CANTEL MEDICAL CORP,33.90906316753128,81925,33.72782287213169,48417,36.62881847118628,42098,34.39146027120923,71384,-33508,-6319,29286
515,CAPELLA EDUCATION COMPANY,66.44223299175022,54062,63.170095624456685,34510,54.37673130193906,36100,62.57809766581696,20007,-19552,1590,-16093
516,CAPITAL ONE FINL CORP,76.60998650264638,5198056,77.15995167507239,5214700,82.59973773390446,4189638,81.61996358520994,3922582,16644,-1025062,-267056
517,CAPITAL PRODUCT PARTNERS L P,10.470382116165089,1127275,10.949821664142275,2046700,11.420043415340086,2764000,9.979982924092164,4202412,919425,717300,1438412
518,CAPITAL SOUTHWEST CORP,34.87362531352498,41464,34.70755252697331,44025,36.01482668803847,59892,35.77272247440093,75784,2561,15867,15892
519,CAPITAL SR LIVING CORP,23.988825458520587,49398,25.979945305378305,46074,23.839671658734666,45806,21.221520020521904,42881,-3324,-268,-2925
520,CAPITOL FED FINL INC,12.105286304864107,90952,12.567540044807053,83469,12.173110861543398,49864,11.824579419493187,66218,-7483,-33605,16354
521,CAPSTEAD MTG CORP,12.078316158086462,404361,12.659508945224054,691654,13.147018789092538,243173,12.237007177673116,48623,287293,-448481,-194550
522,CAPSTONE TURBINE CORP,1.2830617519291752,109114,2.1300074716937747,1739900,1.510521684300968,144321,1.0697199908875703,100961,1630786,-1595579,-43360
523,CARBO CERAMICS INC,116.5118164245183,32074,137.97129135822124,37689,154.1362159056221,55691,59.22978901393928,102803,5615,18002,47112
524,CARDINAL FINL CORP,17.987919183503436,120025,17.825263727346496,36970,18.464,31250,17.074195138876206,54761,-83055,-5720,23511
525,CARDINAL HEALTH INC,66.8100073258783,5791797,69.98002303519242,5787666,68.55996559492144,6015391,74.9199735177777,4596291,-4131,227725,-1419100
526,CARDTRONICS INC,43.44317131964871,94169,38.879316802756755,13349,34.07164981590789,17111,35.17397881996974,13220,-80820,3762,-3891
527,CAREER EDUCATION CORP,5.702178045056554,224651,7.4674321844510265,55039,4.669140383426098,32340,5.0833550143094435,49967,-169612,-22699,17627
528,CAREFUSION CORP,39.820041618063826,7812473,40.22004717209186,6722195,44.349987174982815,4639370,45.249881375622685,3713402,-1090278,-2082825,-925968
529,CARLISLE COS INC,79.39979959501628,3114693,79.33982278796955,3173148,86.62031456426773,2592475,80.37969481351813,1800604,58455,-580673,-791871
530,CARLYLE GROUP L P,35.62901744719926,32670,35.14169270048684,126118,33.961417676087926,66870,30.46758095120559,64823,93448,-59248,-2047
531,CARMAX INC,47.019688084755316,1166086,46.80030636769406,795123,52.010463709082316,542064,46.44945763555162,506486,-370963,-253059,-35578
532,CARMIKE CINEMAS INC,27.849927849927848,27720,29.874548160748454,28218,35.13141449453874,552070,30.97942769626842,851436,498,523852,299366
533,CARNIVAL CORP,40.16955745449397,2910164,37.859976477197385,3118676,37.650003889317105,2828260,40.170130288808615,2552867,208512,-290416,-275393
534,CARNIVAL PLC,41.44614124747881,131882,38.361068111455104,144704,37.947370889816604,42638,39.94989656677611,52691,12822,-102066,10053
535,CARPENTER TECHNOLOGY CORP,62.20058046081665,444819,66.04724638584895,96219,63.25366268948779,78699,45.15672972431183,94781,-348600,-17520,16082
536,CARRIZO OIL & GAS INC,44.77006720934493,562273,53.460911431749274,328165,69.26095078928284,416454,53.82183401527907,266639,-234108,88289,-149815
537,CARROLS RESTAURANT GROUP INC,6.616549096339013,38842,7.161775611823286,47195,7.137375287797392,26060,7.110022769257207,46554,8353,-21135,20494
538,CARTER INC,71.79047446816509,984281,77.64993022507707,873523,68.92993196203604,885682,77.52044396079808,903323,-110758,12159,17641
539,CARVER BANCORP INC,6.987676280015246,181033,12.721437527964516,181033,9.451315506012715,181033,9.108836510470466,181033,0,0,0
540,CASELLA WASTE SYS INC,5.800243420051728,105168,5.112943357564522,102485,5.016673060465665,101661,3.854064947746774,96262,-2683,-824,-5399
541,CASEYS GEN STORES INC,70.24574000101127,158216,67.58961505722122,84584,70.2855311174672,81112,71.70452084924045,87749,-73632,-3472,6637
542,CASH AMER INTL INC,38.301311944289,176913,38.721974746996075,94959,44.42846503505483,116817,43.80023319774635,112351,-81954,21858,-4466
543,CASS INFORMATION SYS INC,67.374709591769,15065,51.55716574932071,14353,49.48893776685211,15458,41.361482119775964,11605,-712,1105,-3853
544,CASTLE A M & CO,14.77041774003547,77249,14.679991072978401,40327,11.039121718184251,396046,8.53875280117456,155292,-36922,355719,-240754
545,CATAMARAN CORP,47.46357878895554,239215,44.760413563146976,315502,44.15756189636407,290324,42.15267822233807,245536,76287,-25178,-44788
546,CATERPILLAR INC DEL,90.8099960451094,5921782,99.37012517264027,6057394,108.67015129916918,3779069,99.03029732618677,2082494,135612,-2278325,-1696575
547,CATO CORP NEW,31.801953320940665,169455,27.040758136593155,96447,30.90496722578073,120369,34.45846346033729,200125,-73008,23922,79756
548,CAVCO INDS INC DEL,68.72946330777657,7304,78.42504437631112,18591,85.30646515533167,23820,67.99206131946346,58448,11287,5229,34628
549,CAVIUM INC,34.508332282682055,134837,43.730110207089,255156,49.66304413818226,148239,49.73566980068518,91363,120319,-106917,-56876
550,CBIZ INC,9.117046228342288,26434,9.174604185913159,31391,9.023877909718351,46654,7.863061755277323,33066,4957,15263,-13588
551,CBL & ASSOC PPTYS INC,17.959959778772536,5602017,17.749914650932745,7431247,18.999964119982774,8026752,17.899886296590072,7677870,1829230,595505,-348882
552,CBOE HLDGS INC,51.96065431488603,165914,56.59893525099647,179385,49.2084063937384,196755,53.52344670200235,217344,13471,17370,20589
553,CBRE GROUP INC,26.300012148688673,26595463,27.43004185665015,25089681,32.04000158747288,17587702,29.7399621901654,15914378,-1505782,-7501979,-1673324
554,CBS CORP NEW,63.739727467697136,3538076,61.80000865448218,7279465,62.14003310899185,7441483,53.49996819665171,7719313,3741389,162018,277830
555,CDW CORP,23.350723662066645,47536,27.428283844992446,27818,31.871180360010854,47943,31.05361802212341,81633,-19718,20125,33690
556,CECO ENVIRONMENTAL CORP,16.15232113843356,1006295,16.589901313953842,1164805,15.590293817374391,1288045,13.400185337043915,1387742,158510,123240,99697
557,CEDAR FAIR L P,49.579623068159634,1275403,50.93034428231969,1392549,52.89972727597529,1259515,47.27049886081779,584191,117146,-133034,-675324
558,CEDAR REALTY TRUST INC,6.258008761212267,234899,6.109405351212483,159590,6.248208134047501,219743,5.899174475279223,166803,-75309,60153,-52940
559,CELADON GROUP INC,19.479429051217465,655050,24.041201106727254,461541,21.3271882631608,108922,19.46987951807229,10375,-193509,-352619,-98547
560,CELANESE CORP DEL,55.31004159350154,2146970,55.50980058397601,3054920,64.27989114565692,4280950,58.51993671361979,3856754,907950,1226030,-424196
561,CELESTICA INC,10.39119804400978,40900,10.942028985507244,41400,12.562597876404688,58109,10.144053340597617,154179,500,16709,96070
562,CELGENE CORP,168.96742920510798,2099304,139.5998348546825,2017617,85.88003501863722,5736374,94.78013461286746,5370809,-81687,3718757,-365565
563,CELLCOM ISRAEL LTD,13.91590407686383,76603,13.756419662509172,10904,12.108382726502965,23620,10.976434079945925,130188,-65699,12716,106568
564,CELLDEX THERAPEUTICS INC NEW,24.2084734181912,220997,17.667417553489898,231726,16.32048142062067,223339,12.959200914767125,254491,10729,-8387,31152
565,CELSION CORPORATION,3.8295835327908088,4178,3.3149171270718236,7240,3.4507999581721216,9563,2.9521851441826135,56907,3062,2323,47344
566,CEMEX SAB DE CV,11.829946075841177,5562071,12.629998428670365,13746320,13.230014868877316,8764616,13.040137459923036,6876768,8184249,-4981704,-1887848
567,CENCOSUD S A,10.879718665860763,54597,9.793000249397293,60145,9.940575622312895,73034,9.004078317826307,56641,5548,12889,-16393
568,CENOVUS ENERGY INC,28.651519321529413,490515,28.959403646620327,744525,32.37246604841711,437903,26.8810881217492,680218,254010,-306622,242315
569,CENTENE CORP DEL,58.948370478217036,178580,62.25862471164563,77162,75.60924585769548,282029,82.70916479871705,219492,-101418,204867,-62537
570,CENTERPOINT ENERGY INC,23.179298062736287,1270142,23.68984984868597,2476968,25.54055092346048,1132317,24.470202815353503,1335747,1206826,-1344651,203430
571,CENTRAIS ELETRICAS BRASILEIR,2.5914195220270657,10419,2.8331243323579955,43062,2.9370328804412718,41879,3.0430372409795683,48307,32643,-1183,6428
572,CENTRAL EUROPEAN MEDIA ENTRP,3.8356010974858616,107154,2.9737498986221627,110971,2.826421809807236,66869,2.2554326508198006,50988,3817,-44102,-15881
573,CENTRAL FD CDA LTD,13.251122812451605,103312,13.763319341298029,99104,14.544873331734994,100104,12.313602414700865,116619,-4208,1000,16515
574,CENTRAL GARDEN & PET CO,6.747544571135792,115153,8.262868533581969,31103,9.187772925764193,28625,8.045239899725996,34306,-84050,-2478,5681
575,CENTURY ALUM CO,10.45789677920062,257700,13.208987783595116,91680,15.680017115197762,112181,25.96591416079236,89656,-166020,20501,-22525
576,CENTURYLINK INC,31.850486068694664,2627715,32.840133774863844,2432146,36.20002369165586,2903976,40.88997852333309,2858451,-195569,471830,-45525
577,CEPHEID,46.67219896807024,2464315,51.58028937524747,2068387,47.94000745428472,2076658,44.029965142670704,3503137,-395928,8271,1426479
578,CERNER CORP,55.74059749010683,938526,56.249994438754676,2247698,51.579896836037655,3838162,59.56979328746432,4967333,1309172,1590464,1129171
579,CERUS CORP,6.457410030307183,65661,4.808072813612981,50540,4.145622281260036,34253,4.01504585605004,23661,-15121,-16287,-10592
580,CEVA INC,15.220155778095693,50328,17.530864197530867,12150,14.750270516544221,17559,13.425280610373411,13631,-38178,5409,-3928
581,CF INDS HLDGS INC,233.03979525923745,611505,260.64102814000483,307818,240.52984238899475,374149,279.2198372243093,799628,-303687,66331,425479
582,CHAMBERS STR PPTYS,7.648907569389223,237681,7.7685544208399335,439464,8.039892242642294,2815585,7.5298948517888284,2796719,201783,2376121,-18866
583,CHARLES RIV LABS INTL INC,53.04185874044547,118661,60.33981630653225,120418,53.51347949983371,111243,59.738319165233115,159278,1757,-9175,48035
584,CHART INDS INC,95.74617436473395,7123,79.45404535782866,19269,82.74720728175424,19336,61.13634671233897,26858,12146,67,7522
585,CHARTER COMMUNICATIONS INC D,136.75697445330957,91871,123.19873978912949,167591,158.3809415157977,683706,151.36949333399508,805955,75720,516115,122249
586,CHATHAM LODGING TR,20.454898307716192,51528,20.217294827331152,121678,21.909995131112193,14377,23.07970274474069,63649,70150,-107301,49272
587,CHECK POINT SOFTWARE TECH LT,64.49828007166046,258441,67.63018670562673,1869949,67.03013220909817,2344468,69.24037271237792,1897549,1611508,474519,-446919
588,CHECKPOINT SYS INC,15.77407724835495,141181,13.418784260183806,98146,13.987461896819465,86935,12.226286516009418,19957,-43035,-11211,-66978
589,CHEESECAKE FACTORY INC,48.27091184085724,156036,47.63145623611378,145828,46.41957274090922,407996,45.49931119383299,341170,-10208,262168,-66826
590,CHEMED CORP NEW,76.61611374407583,105500,89.45286114059635,20726,93.71146732429101,15409,102.89175804740007,22616,-84774,-5317,7207
591,CHEMICAL FINL CORP,31.667944458642136,93912,32.44912852366648,58923,28.072751920469948,35408,26.89695190633853,29297,-34989,-23515,-6111
592,CHEMTURA CORP,27.92264393458123,203061,25.29034058489207,401339,26.13023641642472,609983,23.33142650337976,513942,198278,208644,-96041
593,CHENIERE ENERGY INC,43.11972806244493,365378,55.350013528960254,1086558,71.69996851029951,673236,80.03083897997924,325562,721180,-413322,-347674
594,CHENIERE ENERGY PARTNERS LP,28.649720131068182,641193,30.00064275613832,435624,33.03977790453018,845042,32.72050764282674,862181,-205569,409418,17139
595,CHENIERE ENERGY PTNRS LP HLD,18.75025823472064,1137531,21.590122041508447,586194,24.841081825516323,194597,24.458799012155236,134839,-551337,-391597,-59758
596,CHESAPEAKE ENERGY CORP,27.13997663080425,10388034,25.620013793361373,11818729,31.07992814966109,11209968,22.99002809878414,7988246,1430695,-608761,-3221722
597,CHESAPEAKE LODGING TR,25.290142039277548,3297609,25.729836839749783,3950472,30.22988729488252,4366705,29.150114995739983,5076275,652863,416233,709570
598,CHESAPEAKE UTILS CORP,60.00857265323618,18664,63.17702145502832,14309,71.34710429603345,7891,41.616161616161605,7425,-4355,-6418,-466
599,CHEVRON CORP NEW,124.91015014109487,6247923,118.9098412259513,5656277,130.55004782030662,5730829,119.31975335390881,4472319,-591646,74552,-1258510
600,CHICAGO BRIDGE & IRON CO N V,83.1446433403113,140442,87.14782111644277,132958,68.19798862609943,198173,57.85034331433911,119861,-7484,65215,-78312
601,CHICOS FAS INC,18.839857178979987,1115242,16.030942988903178,455806,16.95883220193445,493784,14.77029777167165,680555,-659436,37978,186771
602,CHIMERA INVT CORP,3.0999852873401044,17236856,3.0599696470752753,16047218,3.1899829141176768,18979412,3.0400173036095044,16995298,-1189638,2932194,-1984114
603,CHINA FD INC,20.809304113802387,20808,19.902586496472964,11908,21.14887329146657,10828,20.779460657554488,10828,-8900,-1080,0
604,CHINA HGS REAL ESTATE INC,5.958781362007168,22320,5.084082909659758,20456,2.602183295252602,15756,5.0716368708000505,15774,-1864,-4700,18
605,CHINA LIFE INS CO LTD,47.24788399368075,95581,42.34204125587181,107718,39.2115526509961,123331,41.6950538220466,146780,12137,15613,23449
606,CHINA MING YANG WIND PWR GRO,2.451968292355233,29772,2.8508734039428445,405139,3.4269957112838974,150861,3.0397884040873024,210212,375367,-254278,59351
607,CHINA MOBILE LIMITED,52.28852725666069,255754,45.59267264439641,186916,48.609281895391796,421401,58.75173447557347,430966,-68838,234485,9565
608,CHINA PETE & CHEM CORP,82.1831269023872,52237,89.5024916265011,61205,95.03875091927364,70708,87.35186180781187,85562,8968,9503,14854
609,CHINA UNICOM (HONG KONG) LTD,15.057400240658232,92247,13.137238701148474,12103,15.336753629516428,36644,15.0291036088475,85900,-80144,24541,49256
610,CHIPMOS TECH BERMUDA LTD,19.255722219338764,19267,22.053166937345075,23398,24.124476589265324,21016,22.60829982550641,13181,4131,-2382,-7835
611,CHIPOTLE MEXICAN GRILL INC,532.7798016644147,628329,568.049305451275,619323,592.5088130538918,548618,666.5905324913789,223290,-9006,-70705,-325328
612,CHIQUITA BRANDS INTL INC,11.713133438541119,28515,12.449728973596786,57190,10.83223249669749,15140,14.185723445180596,37432,28675,-42050,22292
613,CHOICE HOTELS INTL INC,49.12803062526584,23510,45.9853719642785,24747,47.110055423594616,32838,51.97856445183602,37881,1237,8091,5043
614,CHUBB CORP,96.6302991066283,815562,89.29961172840125,700283,92.17051152535022,867132,91.08110153639893,647423,-115279,166849,-219709
615,CHUNGHWA TELECOM CO LTD,30.966123768027398,62197,30.67846607669616,67800,32.06102464456799,103958,29.971165315725703,106469,5603,36158,2511
616,CHURCH & DWIGHT INC,66.27984284803036,2520872,69.07034109585699,2500089,69.95005598032374,2110563,70.16016560660925,799485,-20783,-389526,-1311078
617,CHURCHILL DOWNS INC,89.68467754713993,6311,91.35349831958449,6546,90.06947974919504,11802,97.53466872110941,6490,235,5256,-5312
618,CHUYS HLDGS INC,36.01967001816628,428266,43.14052211517336,459707,36.29967736018042,463365,31.38948237786595,556970,31441,3658,93605
619,CIBER INC,4.139291855901936,362864,4.57826338529634,236771,4.9391427059446125,232429,3.428599781681056,201540,-126093,-4342,-30889
620,CIENA CORP,23.928425014709664,470779,22.74113586958747,244271,21.660170995980167,294042,16.71997932834957,224462,-226508,49771,-69580
621,CIGNA CORPORATION,87.47998432927454,760654,83.7302315030259,1886714,91.96984205692543,4392342,90.69007314593495,4850167,1126060,2505628,457825
622,CIMAREX ENERGY CO,104.91001484021685,2103069,119.10999853158148,3575275,143.45984252854998,2309371,126.53008468511848,1802678,1472206,-1265904,-506693
623,CINCINNATI BELL INC NEW,3.5604454078079395,1022344,3.4607310333123036,542082,3.9301004426038815,828732,3.3699376379288632,603572,-480262,286650,-225160
624,CINCINNATI FINL CORP,52.370022907284614,448329,48.65997192527804,463050,48.04102166348878,464145,47.05101235572506,447323,14721,1095,-16822
625,CINEDIGM CORP,2.0162560645201943,63484,2.5610956097429467,74187,2.4796893862768767,30649,1.5520720161415489,57987,10703,-43538,27338
626,CINEMARK HOLDINGS INC,33.335911516745306,129290,29.007774180415268,206324,35.35865963923034,222746,34.03951228822399,225297,77034,16422,2551
627,CINTAS CORP,59.593265544257385,275954,59.610110613401595,437560,63.54215449643959,416385,70.59054794827324,401881,161606,-21175,-14504
628,CIRCOR INTL INC,80.78013284257732,590925,73.33048628905136,576036,77.13029212205487,583934,67.32987290024225,639419,-14889,7898,55485
629,CIRRUS LOGIC INC,20.42489760218449,750016,19.871022568361266,371848,22.73961035044333,381317,20.849470300864233,327922,-378168,9469,-53395
630,CISCO SYS INC,22.42996525375621,24227367,22.414977286910023,21246999,24.850011907735855,30883285,25.16994734906812,27880988,-2980368,9636286,-3002297
631,CIT GROUP INC,52.12993788461816,3469350,49.02024607772931,1136714,45.75976631578411,786018,45.95951969853139,761605,-2332636,-350696,-24413
632,CITIGROUP INC,24.66704346072321,50177720,21.12909512790313,47525225,22.1574088253293,49949207,20.7607843250998,44131088,-2652495,2423982,-5818119
633,CITRIX SYS INC,63.250033008937685,4074654,57.44011403395957,4851888,62.549918230094654,5234811,71.34014326462754,4155108,777234,382923,-1079703
634,CITY HLDG CO,46.33773076848569,103242,44.86381993224492,52247,45.1188833887852,49292,42.1381523391319,47368,-50995,-2955,-1924
635,CITY NATL CORP,79.22370402528864,147418,78.7196088794926,242176,75.76068495483263,229037,75.66875193991615,228747,94758,-13139,-290
636,CLARCOR INC,64.34790929097693,62706,57.342812093718024,72302,61.85078024949011,63249,63.079723019278354,785181,9596,-9053,721932
637,CLAYMORE EXCHANGE TRD FD TR,37.23442809342115,1848746,38.42014581656601,2365712,39.74635432952228,2468956,36.81295186792555,2441532,516966,103244,-27424
638,CLEAN ENERGY FUELS CORP,12.881915772089187,175595,8.941899184751406,209016,11.721012278902707,188209,7.8033846779632,93421,33421,-20807,-94788
639,CLEAN HARBORS INC,59.96260683760684,67392,54.798317409593366,61334,64.25634239694939,70281,53.91939306140564,119419,-6058,8947,49138
640,CLEAR CHANNEL OUTDOOR HLDGS,10.14215259646069,86175,9.112322885977107,138823,8.182083454916839,85675,6.743384886022136,81858,52648,-53148,-3817
641,CLEARWATER PAPER CORP,52.5099075297226,42392,62.67855298936427,29053,61.74098040953815,22562,60.11044080564333,156645,-13339,-6491,134083
642,CLECO CORP NEW,46.62010205765232,2018271,50.57980186511757,2030435,58.95004365453272,1735215,48.15020702206608,1372559,12164,-295220,-362656
643,CLIFFS NAT RES INC,26.210572757321295,1382610,20.45943218219316,1002716,15.050746159873183,603691,10.380161511503887,2520192,-379894,-399025,1916501
644,CLOROX CO DEL,92.76102100929316,363601,88.00860858783108,366146,91.39973268826864,727989,96.0390911752122,532908,2545,361843,-195081
645,CLOUD PEAK ENERGY INC,17.999317561419467,386848,21.139131268578,521450,18.419226644799085,396325,12.634110247872734,54060,134602,-125125,-342265
646,CLOVIS ONCOLOGY INC,60.271035532496434,122198,69.26774597448538,228418,41.40926157697122,399500,45.36023361392226,338336,106220,171082,-61164
647,CME GROUP INC,78.45986071121524,1733090,74.01941888795956,1374950,70.95044400106514,1036484,79.95504322627559,829241,-358140,-338466,-207243
648,CMS ENERGY CORP,26.770240813418393,850534,29.279339106412362,903504,31.14945854446266,808746,29.659638193134924,525529,52970,-94758,-283217
649,CNA FINL CORP,42.887029288702934,66920,42.72969357827437,81489,40.42341636822793,113647,38.02491584146252,81394,14569,32158,-32253
650,CNH INDL N V,11.349721912142925,2440236,11.500149104756927,3091786,10.219997385458292,3006263,7.929714089425291,2372595,651550,-85523,-633668
651,CNO FINL GROUP INC,17.689938842434362,5155699,18.10002235025239,5431706,17.80009479754703,5713228,16.959838750454367,5782838,276007,281522,69610
652,CNOOC LTD,187.6587930470656,39753,151.82128044022832,24351,179.29105293063512,45758,172.54653995648212,53771,-15402,21407,8013
653,COACH INC,56.13006280949461,1751646,49.66002379488659,1885279,34.18981945599439,1790533,35.60961288706732,1205798,133633,-94746,-584735
654,COBALT INTL ENERGY INC,16.449998397758193,34826204,18.31999835526145,34826204,18.350001859765467,12662887,13.59997758934039,4069492,0,-22163317,-8593395
655,COBIZ FINANCIAL INC,11.960026585401346,1175081,11.520316296636885,1176617,10.76925543377832,1185133,11.180345972074075,1142809,1536,8516,-42324
656,COCA COLA BOTTLING CO CONS,73.17286652078775,11425,84.99757927862503,33048,73.67949865711728,22340,74.58699089471675,18341,21623,-10708,-3999
657,COCA COLA CO,41.30996092153735,14866245,38.65999407922843,13538776,42.36004235362913,12162358,42.65998149520002,9520773,-1327469,-1376418,-2641585
658,COCA COLA ENTERPRISES INC NE,44.12993357226013,2409385,47.76025972585485,1568731,47.779546980289844,2888307,44.360041684304846,3923779,-840654,1319576,1035472
659,COCA COLA FEMSA S A B DE C V,121.80536321289186,15886,105.52508303311588,92433,113.61272105810671,13458,100.75412136092598,11404,76547,-78975,-2054
660,CODEXIS INC,1.3942271459793505,53076,2.0445418035779483,54780,1.4388489208633093,20155,2.3186485591255384,18114,1704,-34625,-2041
661,COEUR MNG INC,10.868713259307642,38275,9.290123620613695,1507192,9.179762504426234,1604072,4.959273664424452,169178,1468917,96880,-1434894
662,COGNEX CORP,38.17923917596436,210088,33.85730036226177,158725,38.405609450010964,50201,40.269938108519824,135883,-51363,-108524,85682
663,COGNIZANT TECHNOLOGY SOLUTIO,100.97989339684817,1729780,50.59993579282485,2691288,48.91014112836577,2934279,44.769775398123635,2018594,961508,242991,-915685
664,COHEN & STEERS INC,40.060689339287755,349320,39.84993335116629,444869,43.381659500327686,437927,38.44065768480766,361024,95549,-6942,-76903
665,COHEN & STEERS INFRASTRUCTUR,20.597621119814328,93069,22.08447224859041,87437,24.485564836107567,83927,23.151071764747936,83927,-5632,-3510,0
666,COHERENT INC,74.39139460275523,79485,65.34735106163677,24255,66.17380387780722,35845,61.34215500945179,21160,-55230,11590,-14685
667,COHU INC,10.495481294661623,76128,10.780669144981413,10760,10.704874835309617,12144,11.997246533582457,10169,-65368,1384,-1975
668,COLFAX CORP,63.68074718743365,23555,71.32941438585065,58349,74.55098189950381,57236,56.968990742539006,61788,34794,-1113,4552
669,COLGATE PALMOLIVE CO,65.2101696207702,5298054,64.86995393112984,6218950,68.1801656446294,6381372,65.21985925060538,5390858,920896,162422,-990514
670,COLONY FINL INC,20.288086002853557,373569,21.94966408115443,134854,23.217399284206664,119867,22.374419168006337,90818,-238715,-14987,-29049
671,COLUMBIA BKG SYS INC,27.49149396845036,323300,28.522192219493327,147394,26.310831329173546,90229,24.81158590071785,111722,-175906,-57165,21493
672,COLUMBIA PPTY TR INC,25.000155589716144,160679,27.24850330484133,144485,26.010361694532612,414604,23.871658689047713,228765,-16194,270119,-185839
673,COLUMBIA SPORTSWEAR CO,78.74631400232329,89528,82.66194634978068,76831,82.65256419177511,71855,35.783876744424546,126761,-12697,-4976,54906
674,COMCAST CORP NEW,51.76658367518487,14556514,49.928687310147616,13871304,53.651121916450904,14074934,53.75283843199022,11017967,-685210,203630,-3056967
675,COMERICA INC,47.54011613644309,3452663,51.800018694472634,1775926,50.160074371645386,2133071,49.860646243605935,1721518,-1676737,357145,-411553
676,COMFORT SYS USA INC,19.390371366409745,1395899,15.239894780820064,1373894,15.800062975550409,1352906,13.550361972323588,1292364,-22005,-20988,-60542
677,COMMERCE BANCSHARES INC,44.90926743661721,246163,46.42291476119303,268962,46.50274303081295,232954,44.64450994631694,280908,22799,-36008,47954
678,COMMERCIAL METALS CO,20.33031692569898,1700367,18.880106777929853,2211693,17.310099813906277,1773300,17.07000309082246,1362097,511326,-438393,-411203
679,COMMERCIAL VEH GROUP INC,7.261022531626619,26718,9.130982367758186,22232,10.060960499578727,20177,6.204523661797055,17729,-4486,-2055,-2448
680,COMMSCOPE HLDG CO INC,18.92996906332664,2100743,24.667472793228537,33080,23.138037502824012,53116,23.90991204332829,1275287,-2067663,20036,1222171
681,COMMUNITY BK SYS INC,39.68029307910521,1155183,39.020118862918885,1111196,36.19973037270597,1125257,33.59009096896466,1091691,-43987,14061,-33566
682,COMMUNITY HEALTH SYS INC NEW,39.27041285450645,153347,19.257499054890264,351811,27.084465798102716,285145,34.3031475556217,295658,198464,-66666,10513
683,COMMVAULT SYSTEMS INC,74.86074816172714,538413,64.9506159190671,642211,49.170632176895644,590088,50.398201133341686,287292,103798,-52123,-302796
684,COMPANHIA BRASILEIRA DE DIST,44.669966043379745,155787,43.76115230916407,147391,46.32333421821078,67806,43.60724949128045,52583,-8396,-79585,-15223
685,COMPANHIA DE SANEAMENTO BASI,11.343326693826464,166177,9.26041231481184,995744,10.719434183259752,887920,8.111795646269968,308563,829567,-107824,-579357
686,COMPANHIA ENERGETICA DE MINA,7.790607183056724,598798,6.80024230748452,869969,7.990122975214518,1086967,6.2301677006672875,955512,271171,216998,-131455
687,COMPANHIA PARANAENSE ENERG C,13.147000020195087,99034,13.141119937236445,10197,15.280281569233411,23298,13.643165214329724,11361,-88837,13101,-11937
688,COMPANHIA SIDERURGICA NACION,6.200064489047487,3247063,4.360107420648843,1393773,4.2594896717131165,1332554,3.5501957275263027,3202922,-1853290,-61219,1870368
689,COMPANIA DE MINAS BUENAVENTU,11.219942398473046,469432,12.56982041069427,1048225,11.809523028877287,1463988,11.579987538051672,1205269,578793,415763,-258719
690,COMPASS DIVERSIFIED HOLDINGS,19.624823469849986,75058,18.909899888765292,75516,18.151382530302726,99166,17.50933735802917,104687,458,23650,5521
691,COMPASS MINERALS INTL INC,80.03983496941242,35145,82.52585294357138,73686,95.74374079528721,67900,84.2587123449498,33860,38541,-5786,-34040
692,COMPUGEN LTD,8.928974069898533,22175,10.519536281665948,23290,8.970601296740385,22518,8.550118246316172,16491,1115,-772,-6027
693,COMPUTER PROGRAMS & SYS INC,61.80110968843363,35145,64.59917380111358,16703,63.59324491707199,33101,57.454695222405284,19424,-18442,16398,-13677
694,COMPUTER SCIENCES CORP,55.87944466700474,826243,60.81999889999223,1054538,63.20020979322753,1204996,61.150662287855795,914708,228295,150458,-290288
695,COMPUTER TASK GROUP INC,18.84446145016262,20908,16.984723510176188,20489,16.460176991150448,16950,11.126564673157162,11504,-419,-3539,-5446
696,COMPUWARE CORP,11.20960324666923,1708089,10.500240775050807,1470252,9.990212214374358,869451,10.610159865442164,3204570,-237837,-600801,2335119
697,COMSCORE INC,28.613164963584506,144444,32.77960503490292,72057,35.480295431349525,91121,36.403156637358755,51067,-72387,19064,-40054
698,COMSTOCK RES INC,18.28994352613871,300493,22.847927559749184,299502,28.840859149653816,579317,18.622880970156046,219676,-991,279815,-359641
699,COMTECH TELECOMMUNICATIONS C,31.51546298255691,66158,31.85310481159184,49069,37.34910475573199,24686,37.15904598761365,7589,-17089,-24383,-17097
700,COMVERSE INC,38.803556992724346,12370,34.58663393952917,17926,26.67071688942892,16460,22.325876279322525,22082,5556,-1466,5622
701,CON-WAY INC,39.70990839212383,151952,41.07581666929684,133071,50.405332080758676,123479,47.50132570523785,133891,-18881,-9592,10412
702,CONAGRA FOODS INC,33.699799421315014,5813180,31.02989452579477,6064990,29.680211963731285,6730208,33.040062234044264,5901593,251810,665218,-828615
703,CONATUS PHARMACEUTICALS INC,6.434656516222585,22068,8.159791750100121,19976,9.126737191454056,19284,6.120384420839657,19770,-2092,-692,486
704,CONCHO RES INC,107.99888549368715,434273,122.50200461216193,321758,144.4966437411759,242234,125.38479468239872,124417,-112515,-79524,-117817
705,CONCUR TECHNOLOGIES INC,103.1793454683563,610849,99.07055305152656,539353,93.33928720148704,564339,126.81550145699009,174332,-71496,24986,-390007
706,CONMED CORP,42.50097324012796,59081,43.45107846201939,9597,44.15666338893115,53899,36.83346843551672,50579,-49484,44302,-3320
707,CONNECTICUT WTR SVC INC,35.50728880042153,34162,34.179743223965765,17525,33.88182498130142,13370,32.5330549756437,11496,-16637,-4155,-1874
708,CONNS INC,78.7110633727175,23275,38.88299752562743,5658,49.37451566478468,9033,30.27027027027027,46250,-17617,3375,37217
709,CONOCOPHILLIPS,70.64989559615313,5517517,70.35008501893756,5347044,85.73001948974233,5674780,76.51985239584141,4291749,-170473,327736,-1383031
710,CONSOL ENERGY INC,38.03982279698946,877186,39.950154355177524,1575263,46.070011723244974,1110614,37.85984141195409,1448659,698077,-464649,338045
711,CONSOLIDATED COMM HLDGS INC,19.64240252237432,51063,20.01467875349612,50413,22.260920040632712,34455,25.056065239551483,49050,-650,-15958,14595
712,CONSOLIDATED EDISON INC,55.280188552825535,1268610,53.64988917943482,1460469,57.74055846289824,1501371,56.66016180309649,1238048,191859,40902,-263323
713,CONSOLIDATED WATER CO INC,14.108698319224635,16302,13.199091411381914,16289,11.784957627118645,15104,11.687958684425116,18395,-13,-1185,3291
714,CONSTANT CONTACT INC,31.067319865690536,181670,24.457684466385967,278113,32.111048835468196,244433,27.13850852230474,201706,96443,-33680,-42727
715,CONSTELLATION BRANDS INC,70.38014891827663,2388827,84.97038790625741,1602217,88.12969637157472,1600970,87.15971220432414,1333724,-786610,-1247,-267246
716,CONTAINER STORE GROUP INC,46.57610202384252,7214,33.938459781926134,35034,27.783146501739463,41392,21.7465171593612,11772,27820,6358,-29620
717,CONTANGO OIL & GAS COMPANY,47.25979551660633,78735,47.744593202883635,72825,42.306241881643096,71597,33.23853537148951,50634,-5910,-1228,-20963
718,CONTINENTAL RESOURCES INC,112.53094266407976,74735,124.2726696624035,138864,158.04229690907204,115564,66.47737468202111,189478,64129,-23300,73914
719,CONVERGYS CORP,21.049885530002832,2223290,21.910153035191534,2334169,21.440012879507663,2335493,17.82017145702009,2468607,110879,1324,133114
720,COOPER COS INC,123.84087096876286,126388,137.36494038748137,128832,135.51572496785153,62989,155.7485425806839,133112,2444,-65843,70123
721,COOPER TIRE & RUBR CO,24.04070858211166,151909,24.2981448038089,36546,30.00973767299124,33889,28.697765673958244,34149,-115363,-2657,260
722,COPA HOLDINGS SA,160.11418355385769,237162,145.19096039890718,127749,142.5760568945081,126550,107.277628032345,55650,-109413,-1199,-70900
723,COPART INC,36.65535521603829,127894,36.39449932325823,133729,35.963326870625345,152155,31.307911472492304,122493,5835,18426,-29662
724,CORE LABORATORIES N V,190.95140919103454,468957,198.4395818685396,514862,167.05803487423947,510176,146.3492701939446,706078,45905,-4686,195902
725,CORE MARK HOLDING CO INC,75.89212300608453,12162,72.59365477684172,11158,45.631608235948804,21564,53.039556876935,520668,-1004,10406,499104
726,CORELOGIC INC,35.527030116006635,279984,30.03773841498657,176478,30.359377293730297,143053,27.076545609521,125533,-103506,-33425,-17520
727,CORENERGY INFRASTRUCTURE TR,7.119411039542931,403966,6.750209862651593,1791648,7.410223620087789,1735980,7.479883474636426,1760990,1387682,-55668,25010
728,CORESITE RLTY CORP,32.18982801434746,674126,30.99879927773348,654606,33.06562794056503,91394,32.87381575795621,121069,-19520,-563212,29675
729,CORINTHIAN COLLEGES INC,1.7904280959485823,43565,1.3792102206736352,96432,0.2978925153456602,238341,0.11004380453380476,281706,52867,141909,43365
730,CORNERSTONE ONDEMAND INC,53.312078609095295,718899,47.86998467873217,668352,46.019022089336794,387970,34.40863321128788,415419,-50547,-280382,27449
731,CORNING INC,17.819874356272773,6831698,20.819982499318712,7515136,21.95000492257815,8735260,19.340057598508967,6232453,683438,1220124,-2502807
732,CORONADO BIOSCIENCES INC,2.6326122078540672,155359,1.9818305772676104,126146,1.7183314527867977,232202,2.0982721865263345,268316,-29213,106056,36114
733,CORP RES SVCS INC,2.637665092987251,52319,3.1543413698326908,54211,2.9841083585380903,98857,1.4983807820580983,62067,1892,44646,-36790
734,CORPORATE EXECUTIVE BRD CO,77.43858705397166,44616,74.23580786026201,46716,68.20677035681611,43720,60.069723786537935,41019,2100,-2996,-2701
735,CORPORATE OFFICE PPTYS TR,23.690071487721557,723341,26.63904424467805,683020,27.809788871735773,1885631,25.719853000565386,1782864,-40321,1202611,-102767
736,CORRECTIONS CORP AMER NEW,32.07057766370823,696651,31.320928879868998,158169,32.84832451499118,136080,34.36379928315411,178560,-538482,-22089,42480
737,CORVEL CORP,46.705061593427025,88727,49.7611614698913,53174,45.199604091059044,27279,34.034871433603385,22712,-35553,-25895,-4567
738,COSAN LTD,13.720754520831747,1077346,11.397214014352047,59225,13.49150965340777,4299,10.751077604140661,60087,-1018121,-54926,55788
739,COSTAMARE INC,18.27170727374996,168895,21.498560600058106,189315,23.32077261587921,189745,21.956685535441746,103522,20420,430,-86223
740,COSTAR GROUP INC,184.57808953992162,96940,186.74078051753915,68903,158.18624297183138,35749,155.54413637480732,44759,-28037,-33154,9010
741,COSTCO WHSL CORP NEW,119.01994852235792,6142861,111.6799115921538,5476437,115.15993310901428,5435710,125.3201437056206,4835719,-666424,-40727,-599991
742,COTY INC,15.258533704132107,40633,14.972849661022394,62246,17.124328706049244,29607,16.54309545875811,43160,21613,-32639,13553
743,COUSINS PPTYS INC,10.300293530476738,860558,11.469893584876184,486491,12.450034300116945,715741,11.949979077477709,621340,-374067,229250,-94401
744,COVANCE INC,88.05714406594414,141817,103.90026735703657,165322,85.5825751477133,131674,78.70202665344799,157353,23505,-33648,25679
745,COVANTA HLDG CORP,17.75014390657428,700107,18.05182451995945,95669,20.608928219952066,259111,21.218356521246672,158919,-604438,163442,-100192
746,COVIDIEN PLC,68.10025030127919,3944846,73.66025996231511,3434267,90.179873230451,1960881,86.51036867703147,1371824,-510579,-1473386,-589057
747,COWEN GROUP INC NEW,3.9111682606016767,111987,4.4087573147303845,112957,4.226033657723534,92995,3.750574684830741,41327,970,-19962,-51668
748,CPFL ENERGIA S A,16.009726717197807,569154,16.330321165780173,714989,18.199865629266807,1153525,15.552794117260714,380639,145835,438536,-772886
749,CRACKER BARREL OLD CTRY STOR,110.07695009419204,62638,97.31422377453931,8303,99.50886184070039,9366,103.25555400307393,7157,-54335,1063,-2209
750,CRANE CO,67.24990878458135,1863720,71.14975538314322,3561488,74.35974643182739,2636924,63.20991071483087,982694,1697768,-924564,-1654230
751,CRAY INC,27.463568212817016,97511,37.329321916223094,43210,26.601941747572816,51500,26.219865794051856,24142,-54301,8290,-27358
752,CREDICORP LTD,132.72874082270437,133754,137.9178206267092,114822,155.46734661563409,183151,153.38858760530712,293190,-18932,68329,110039
753,CREDIT ACCEP CORP MICH,129.9807969275084,8332,142.12899431484018,5101,123.05113160100586,5965,126.04706820901475,5014,-3231,864,-951
754,CREDIT SUISSE GROUP,31.03882675707786,558043,32.38038358387235,709936,28.370023078499965,756115,27.63986318047423,862450,151893,46179,106335
755,CREDIT SUISSE NASSAU BRH,31.40845070422535,35500,14.476769431176727,115150,37.4609281077182,41590,35.89642221782961,25295,79650,-73560,-16295
756,CREE INC,62.51825883727725,314916,56.560337850392244,317537,49.94789590706743,208237,40.949240547879796,268088,2621,-109300,59851
757,CRESTWOOD EQUITY PARTNERS LP,13.829691311542128,410349,13.839617521934285,1066937,14.870152644283117,1744972,10.569837554157383,1045333,656588,678035,-699639
758,CRESTWOOD MIDSTREAM PARTNERS,24.89032684513559,1437225,22.53991426216529,1845393,22.06983055895773,3115656,22.669823099410763,3614629,408168,1270263,498973
759,CRH PLC,25.554224933757038,106049,28.187822281572533,124309,25.846386110586906,132475,22.80928581077169,155463,18260,8166,22988
760,CROCS INC,15.918472415029465,217546,15.596978981994814,97583,15.042629369188369,38823,12.581146566700195,109370,-119963,-58760,70547
761,CROSS CTRY HEALTHCARE INC,9.977983633115938,120365,8.065079254242022,28642,6.520614110746938,57970,9.288742967448156,60611,-91723,29328,2641
762,CROWN CASTLE INTL CORP,77.84296709298471,1193788,74.32660355556193,2089965,74.56843561709151,1711448,80.9477622939518,1682616,896177,-378517,-28832
763,CROWN HOLDINGS INC,44.56557786714871,214089,44.74027070332535,313923,49.76205556104335,172099,44.52015520174315,418552,99834,-141824,246453
764,CSG SYS INTL INC,29.393007738508835,105059,26.04166666666667,39360,26.11197167514937,18076,26.296018031555217,18634,-65699,-21284,558
765,CSS INDS INC,28.674148144913612,68703,27.001310288887506,64108,26.36974418824717,63406,24.246269804645443,52008,-4595,-702,-11398
766,CST BRANDS INC,36.72140938885654,462101,31.24210362633874,154343,34.496546039479114,162567,35.95278908649382,112008,-307758,8224,-50559
767,CSX CORP,28.7700946802251,3327622,28.96975268916061,2719250,30.80989865508523,2718834,32.06012189401281,2263934,-608372,-416,-454900
768,CTC MEDIA INC,13.90359091279212,49124,9.228776512493928,18529,11.007595537621649,33704,6.664927989799763,34509,-30595,15175,805
769,CTRIP COM INTL LTD,49.64283137311494,13859,50.420332502954,664355,64.03980624166276,508262,56.75924984383853,550712,650496,-156093,42450
770,CTS CORP,19.909969586691087,1595683,20.88007930165365,1561632,18.699870790035714,1574182,15.89024839085465,1513381,-34051,12550,-60801
771,CUBESMART,15.940052610403258,4046348,17.160119734597508,5437025,18.320124618925806,5741664,17.9800202764967,5546323,1390677,304639,-195341
772,CUBIC CORP,52.659911247967386,717054,51.069779959396925,683692,44.510640152863644,688195,46.8003994102789,659973,-33362,4503,-28222
773,CUBIST PHARMACEUTICALS INC,50.34539221204523,390860,56.837316907698536,409766,55.85194061341674,348833,53.58848768312414,362186,18906,-60933,13353
774,CULLEN FROST BANKERS INC,74.43020400817575,155582,77.53484395607309,150887,79.41961535829171,292220,76.50975016989368,173638,-4695,141333,-118582
775,CULP INC,20.44843049327355,16725,19.73453191937636,14239,17.420591138725975,17221,18.124449662459647,13628,-2486,2982,-3593
776,CUMMINS INC,140.9703547620459,927805,148.98947563404698,852973,154.29040169693755,844816,131.98056203413068,743905,-74832,-8157,-100911
777,CURIS INC,2.8217280923074513,127227,2.8212001646536757,99603,1.8614866448377223,149343,1.4068674928772915,141449,-27624,49740,-7894
778,CURRENCYSHARES AUSTRALIAN DL,89.43126814359766,326217,92.86640271889564,114164,94.42225200212877,155959,87.67938728696278,158247,-212053,41795,2288
779,CURRENCYSHARES CDN DLR TR,93.61208871012792,71604,89.98056575253727,92620,93.16939890710384,7320,88.77622030022863,20118,21016,-85300,12798
780,CURRENCYSHARES EURO TR,135.98907309721176,530800,136.03043619999158,549083,135.12013532775856,751361,124.47998857313948,728109,18283,202278,-23252
781,CURRENCYSHARES SWEDISH KRONA,154.55035002692517,5571,153.49462365591395,3720,148.50560398505604,3212,137.87737317149083,3213,-1851,-508,1
782,CURRENCYSHARES SWISS FRANC T,109.83313728052978,22953,110.7239306559805,22958,110.24122977850485,77022,102.27786996530395,26516,5,54064,-50506
783,CURRENCYSHS BRIT POUND STER,163.2837167343257,19953,164.17968295802487,25801,168.36938530905772,17521,159.07207953603978,1207,5848,-8280,-16314
784,CURRENCYSHS JAPANESE YEN TR,92.75303231067171,68677,94.5310566691413,84861,96.24588284534056,54953,88.80313871491083,154713,16184,-29908,99760
785,CURTISS WRIGHT CORP,62.23401154317029,137224,63.526964087287524,42297,65.5603670169276,66046,65.92133377471487,66458,-94927,23749,412
786,CVB FINL CORP,17.070841927310454,725799,15.899263232435851,530968,16.028531992098717,531053,14.349666346125824,549072,-194831,85,18019
787,CVENT INC,36.37770897832817,9044,36.12514783356628,9301,29.05170838662525,10946,25.377950186709203,55166,257,1645,44220
788,CVR ENERGY INC,43.43033423829426,770199,42.24991789878962,1102298,48.18972224256482,1379153,44.72982049277215,1959364,332099,276855,580211
789,CVR PARTNERS LP,16.468682505399567,33336,21.18942275569333,589681,18.68958393636138,680593,13.73056249744567,660643,556345,90912,-19950
790,CVR REFNG LP,22.620005250847868,1668302,23.279574223754192,2147419,25.00986527212591,2409969,23.279792610603586,2523562,479117,262550,113593
791,CYAN INC,5.293027906019349,34007,4.26931356134896,83620,4.028629573740534,72233,3.126298502146857,50539,49613,-11387,-21694
792,CYBERONICS INC,65.42758518298568,107768,65.25396703212114,90937,62.46777796872315,58190,51.15948095437421,119450,-16831,-32747,61260
793,CYCLACEL PHARMACEUTICALS INC,4.016884531590415,146880,3.6837867809020333,131658,3.0689191559010935,136856,3.0401995875358088,159529,-15222,5198,22673
794,CYPRESS SEMICONDUCTOR CORP,10.501108468971253,298159,10.271028727568128,338525,10.909684128958583,294234,9.874452500210127,321233,40366,-44291,26999
795,CYS INVTS INC,7.410174598411405,326578,8.259101849258986,282113,9.026142024172684,103588,8.240088438176901,490286,-44465,-178525,386698
796,CYTEC INDS INC,93.16468275400206,92578,97.61847678414448,75078,105.4249682859488,67005,47.289269380381185,245764,-17500,-8073,178759
797,CYTORI THERAPEUTICS INC,2.5854767529978155,22433,2.6975633485163395,22613,2.374043787918755,26537,0.6903534609720177,21728,180,3924,-4809
798,CYTRX CORP,6.257422124783045,21894,3.4779584383966613,11501,4.182208658302248,8847,2.52148407348325,19433,-10393,-2654,10586
799,D R HORTON INC,22.3198503511052,3145496,21.65018016480617,2039244,24.580147116360262,3105433,20.51992311589311,3181932,-1106252,1066189,76499
800,DAKTRONICS INC,15.67926727529835,169013,14.38517100339396,114910,11.921178992141162,120374,12.281785879808435,51784,-54103,5464,-68590
801,DANA HLDG CORP,19.622895875072558,160221,23.271350629105893,62867,24.41899060486989,503133,19.169995282913824,493949,-97354,440266,-9184
802,DANAHER CORP DEL,77.20010891905301,6434136,75.00014957581872,6351294,78.73017933084307,4376492,75.98018770063291,4075852,-82842,-1974802,-300640
803,DARDEN RESTAURANTS INC,54.36956787615053,506938,50.75962327851008,542045,46.27066133516245,521929,51.46119075150904,722972,35107,-20116,201043
804,DAVITA HEALTHCARE PARTNERS I,63.369796193637846,1720015,68.85005343670043,1068554,72.32010852081163,861033,73.14060250968316,926093,-651461,-207521,65060
805,DAWSON GEOPHYSICAL CO,33.843287794964425,35428,27.99622522805914,28611,28.62761411337594,26443,18.19685690653433,12090,-6817,-2168,-14353
806,DBX ETF TR,24.87578140545006,2120858,21.81358907393929,140142,26.59931018512876,164102,29.291165097026592,796998,-1980716,23960,632896
807,DCP MIDSTREAM PARTNERS LP,50.34993014234701,3739032,50.100006338133895,5948123,56.99999240658197,6584650,54.45000393840196,7046005,2209091,636527,461355
808,DCT INDUSTRIAL TRUST INC,7.130186171324433,2990525,7.879631010501558,3104587,8.210337093351347,3179772,7.509955049592026,3274720,114062,75185,94948
809,DDR CORP,15.369969163207626,10159617,16.480026273962732,9847011,17.630061854840726,9844662,16.72998641429395,9474664,-312606,-2349,-369998
810,DEALERTRACK TECHNOLOGIES INC,48.076530264860075,146870,49.19173950034804,51716,45.35823589421644,25486,43.418562363157314,53894,-95154,-26230,28408
811,DEAN FOODS CO NEW,17.19090266660898,624051,15.460644886456725,488272,17.59095140332309,156842,13.253806014309538,148712,-135779,-331430,-8130
812,DECKERS OUTDOOR CORP,84.45948117908002,1244360,79.73014959965404,952676,86.3329833988719,56201,97.17973951822395,112791,-291684,-896475,56590
813,DEERE & CO,91.33028730318348,1778052,90.79997413350542,1515474,90.55048018863931,1606452,81.98973057920018,742593,-262578,90978,-863859
814,DELEK LOGISTICS PARTNERS LP,31.64961183973492,1623685,33.30035389474485,1576740,34.450058267310084,1534308,40.7097277584149,1509762,-46945,-42432,-24546
815,DELEK US HLDGS INC,34.408859492624345,551544,29.039698244492254,1007173,28.229931470139817,960895,33.1199869871426,971347,455629,-46278,10452
816,DELHAIZE GROUP,59.39791742636036,24681,72.66960281223483,49498,16.85872812633376,154638,17.289406722914155,149340,24817,105140,-5298
817,DELIA'S INC NEW,0.8813415277111089,127079,0.8415809910969592,203189,0.7688381710157824,305656,0.26723003463906303,198331,76110,102467,-107325
818,DELPHI AUTOMOTIVE PLC,60.130015063672936,4098602,67.85994798421261,3558535,68.7397110600737,1641933,61.340698961477955,888089,-540067,-1916602,-753844
819,DELTA AIR LINES INC DEL,27.469842580506924,7019334,34.6501066222048,4265528,38.72014548009035,2311794,36.15014935502281,3112048,-2753806,-1953734,800254
820,DELTA APPAREL INC,16.95130467906799,15751,16.366311143802868,27190,14.326965792980895,27012,9.087874179309322,26959,11439,-178,-53
821,DELTIC TIMBER CORP,67.92960430445018,26763,65.29651038321559,4671,60.439560439560445,8372,62.294129044758776,10322,-22092,3701,1950
822,DELUXE CORP,52.18929988931893,141849,52.4680732471024,121998,58.58034321372854,102560,55.157284152599104,134470,-19851,-19438,31910
823,DEMAND MEDIA INC,5.769943186853896,5833333,4.8500574200032815,5833333,4.820114852055805,5850483,8.849833339089459,1187141,0,17150,-4663342
824,DEMANDWARE INC,64.12568770914865,88155,64.05849963174693,114052,69.36583767158686,79333,50.92391304347826,36800,25897,-34719,-42533
825,DENALI FD INC,19.352361448867267,117195,20.460158585727285,115395,21.456347272911128,108779,21.709342754075745,107281,-1800,-6616,-1498
826,DENBURY RES INC,16.429970393987702,1646625,16.40006210778516,2273467,18.45980145734166,1898937,15.030912129246357,677404,626842,-374530,-1221533
827,DENDREON CORP,2.989863894791248,1393040,2.9899061556417235,1116423,2.3004204008210607,496431,1.4400000000000002,2081250,-276617,-619992,1584819
828,DENISON MINES CORP,1.201114634380705,41628,1.479928470123944,64868,1.228559841599275,83838,1.138523681292571,101008,23240,18970,17170
829,DENNYS CORP,7.191153436012014,256009,6.4304725098439555,219424,6.517947305609107,163395,7.027937503630133,172170,-36585,-56029,8775
830,DENTSPLY INTL INC NEW,48.47934430166927,666160,46.04037929430398,621259,47.35067430138289,665207,45.599591109392044,651519,-44901,43948,-13688
831,DEPOMED INC,10.580168710798363,321734,14.510278113663846,22329,13.898529435503399,185847,15.189131072231453,102310,-299405,163518,-83537
832,DESTINATION MATERNITY CORP,29.85339323717191,16916,27.42383723978816,19071,22.76165589327465,14542,15.444245676803815,16770,2155,-4529,2228
833,DESTINATION XL GROUP INC,6.5364146158516965,27997,5.637227810323863,45235,5.506695190555424,50484,4.73059653624118,49888,17238,5249,-596
834,DEUTSCHE BANK AG,48.24008254023147,5945222,44.830149970578425,5533352,35.17990224978923,4796716,34.859977217353745,10520288,-411870,-736636,5723572
835,DEVON ENERGY CORP NEW,61.870035697617816,11596292,66.93008998003947,11801284,79.40000438741079,9891939,68.18008705951118,8126625,204992,-1909345,-1765314
836,DEVRY ED GROUP INC,35.50109327001758,149094,42.38772626109621,118171,42.34213638938862,201218,42.808144599303134,183680,-30923,83047,-17538
837,DEX MEDIA INC NEW,6.772182514387497,442398,9.20029876443184,631936,11.139435675346508,617446,9.560794862431084,561355,189538,-14490,-56091
838,DEXCOM INC,35.410545343607104,612953,41.36025504782147,776325,39.65976259098237,655072,39.99077228725043,580859,163372,-121253,-74213
839,DIAGEO P L C,132.42383662537662,119480,124.58656563834265,133032,127.2697615241575,153265,115.397073113277,135844,13552,20233,-17421
840,DIAMOND FOODS INC,25.835533951188324,59453,34.92565876637716,81516,28.17442038998925,13026,28.596255628406663,12659,22063,-68490,-367
841,DIAMOND OFFSHORE DRILLING IN,56.91911584312256,758146,48.76048309376858,682766,49.62983491032899,505180,34.270006469662015,677006,-75380,-177586,171826
842,DIAMOND RESORTS INTL INC,18.460356791506868,1330581,16.950366428290323,1410235,23.270111868598967,1413444,22.760087170540586,1702410,79654,3209,288966
843,DIAMONDBACK ENERGY INC,52.88097588898465,1180954,67.30996346471123,1121929,88.803557975065,123441,74.77350276503118,84990,-59025,-998488,-38451
844,DIAMONDROCK HOSPITALITY CO,11.549988214297741,950304,11.750613199475215,648647,12.820595127275062,467295,12.680607205998902,393672,-301657,-181352,-73623
845,DIANA CONTAINERSHIPS INC,4.0522703273495235,151520,3.8221225367907903,174772,2.532264543057229,114522,2.2534916018132747,114489,23252,-60250,-33
846,DIANA SHIPPING INC,13.287255530772253,104461,12.005102168421582,39983,10.897344420948846,77083,8.948726217349241,49616,-64478,37100,-27467
847,DICKS SPORTING GOODS INC,58.100061350431254,1662580,54.61010727932494,2224753,46.55987326619304,2459328,43.88084478465369,325290,562173,234575,-2134038
848,DIEBOLD INC,33.007891541885876,158144,39.88594757476589,92589,40.176442536957566,83880,35.325783466237795,89538,-65555,-8709,5658
849,DIGI INTL INC,12.119826582370086,1216024,10.149770058306643,1168992,9.419249028030057,1168246,7.500255385039992,1115962,-47032,-746,-52284
850,DIGITAL RIV INC,18.469383398293356,163947,17.427529669325814,126983,15.422025980674471,46881,14.537551316107221,20705,-36964,-80102,-26176
851,DIGITAL RLTY TR INC,49.12008015947971,3526969,53.079827997296725,1978341,58.32030746756711,1808581,62.37983384077825,1811034,-1548628,-169760,2453
852,DIGITALGLOBE INC,41.14639438030071,197733,29.01070385987675,154150,27.79746046142509,141128,28.501939807194923,136096,-43583,-13022,-5032
853,DILLARDS INC,97.20433751270755,59020,92.40218314828415,138882,116.60931941447485,68588,108.97480391476368,28814,79862,-70294,-39774
854,DIME CMNTY BANCSHARES,16.91958932643568,891511,16.980386994866393,934431,15.789896878203713,895446,14.399937158717089,840212,42920,-38985,-55234
855,DINEEQUITY INC,83.5454409342716,40074,78.0349383701339,11277,79.48214737908332,31592,81.60816081608161,19998,-28797,20315,-11594
856,DIODES INC,23.551184433164128,94560,26.111186014111727,22251,28.959748560296827,199173,23.91722957483877,261736,-72309,176922,62563
857,DIRECTV,69.0596671210826,2596740,76.41995322691672,2675898,85.0103305785124,2613600,86.51979168792411,2009101,79158,-62298,-604499
858,DIREXION SHS ETF TR,47.97403185468639,3052047,39.865123610395976,3486155,40.79031593805075,2102754,28.000844560342607,3106942,434108,-1383401,1004188
859,DISCOVER FINL SVCS,55.950233022710144,2259651,58.189916254234745,2154497,61.979731077413156,2060593,64.39031150913931,1774972,-105154,-93904,-285621
860,DISCOVERY COMMUNICATNS NEW,89.02062829122394,2610541,82.32096382815544,2545184,74.17200977088635,2684301,37.548251901780354,7624829,-65357,139117,4940528
861,DISCOVERY LABORATORIES INC N,2.248482274464736,160108,2.145408825114256,100214,1.780016063559598,138201,1.8393801144181332,138090,-59894,37987,-111
862,DISH NETWORK CORP,57.91969616897929,1572453,62.20965178177361,926689,65.08004442949874,392532,64.5800205309877,745215,-645764,-534157,352683
863,DISNEY WALT CO,76.40005368373328,5752208,80.06982848736527,5087322,85.74006233937837,6405582,89.03005352963423,10816999,-664886,1318260,4411417
864,DOLBY LABORATORIES INC,38.560251364930245,128578,44.49577268369215,45892,43.20927716358492,72091,41.79231303302557,96501,-82686,26199,24410
865,DOLLAR GEN CORP NEW,60.32004189004843,9583183,55.47986774886189,8111537,57.35984315296506,4922503,61.10990243167707,3824192,-1471646,-3189034,-1098311
866,DOLLAR TREE INC,56.41948186142633,859384,52.17947762562262,845409,54.46009836510252,1260813,56.069716246181095,1251014,-13975,415404,-9799
867,DOMINION DIAMOND CORP,14.363169409302769,84104,13.413175962354396,103704,14.45543659935854,88548,14.236787321200724,44673,19600,-15156,-43875
868,DOMINION RES INC VA NEW,63.94535730443385,2130788,68.71346324573076,2257316,70.70753555625609,2172965,66.28224059114837,2063509,126528,-84351,-109456
869,DOMINOS PIZZA INC,69.65310745800483,189367,76.97300990775537,146350,73.09041142759386,187056,76.96139233706747,102389,-43017,40706,-84667
870,DOMTAR CORP,94.3499287246373,75061,112.22712729334576,49382,42.851193540364044,345778,35.13088940980106,162962,-25679,296396,-182816
871,DONALDSON INC,43.46102127366136,522054,42.40161640558775,344468,42.31870672064533,398429,40.631117851113466,378503,-177586,53961,-19926
872,DONNELLEY R R & SONS CO,20.279841315903454,2322602,17.90003547656438,2015415,16.9600375146016,2141033,16.460047862510258,1761295,-307187,125618,-379738
873,DORMAN PRODUCTS INC,56.033372185755475,81505,59.01804730411389,17842,49.30509596293845,12088,40.04918320744774,5693,-63663,-5754,-6395
874,DOT HILL SYS CORP,3.371235929375465,17501,3.8626017381707816,43494,4.699563611950318,74475,3.7620385232744784,19936,25993,30981,-54539
875,DOUGLAS EMMETT INC,23.28957964066809,901562,27.13995480174401,1095175,28.220353772424012,1117385,25.670322187948127,1550896,193613,22210,433511
876,DOVER CORP,96.53989353064316,677378,81.74979279736921,598448,90.95102709419895,531110,80.32802118663756,430460,-78930,-67338,-100650
877,DOW CHEM CO,44.4001716973542,13349070,48.59001211771032,14953320,51.45992558682425,7419385,52.43995795210689,4753627,1604250,-7533935,-2665758
878,DR PEPPER SNAPPLE GROUP INC,48.72149713066883,472584,54.45834553747019,573576,58.57970723134732,885409,64.30998148596368,789131,100992,311833,-96278
879,DR REDDYS LABS LTD,41.02926521326563,251869,43.899955292831955,241572,43.1405673788088,48539,52.56172020175206,30136,-10297,-193033,-18403
880,DREAMWORKS ANIMATION SKG INC,35.500192201801504,96253,26.5489813005861,143320,23.253363592154322,123380,27.26831878855557,517597,47067,-19940,394217
881,DRESSER-RAND GROUP INC,59.62983616134258,188295,58.415130476418476,116956,63.73196972968419,189889,82.26007222931517,813797,-71339,72933,623908
882,DREW INDS INC,51.202030247950894,58318,54.19708029197081,27400,50.00543537341015,27597,42.18388386282348,19012,-30918,197,-8585
883,DRIL-QUIP INC,109.92999992121885,1650141,112.09979826710381,1604597,109.23999212907492,1941322,89.39989383572754,1942273,-45544,336725,951
884,DRYSHIPS INC,4.718140266378336,20347,3.2300913861810154,1377670,3.2198352278652616,1150680,2.4698644082800953,677770,1357323,-226990,-472910
885,DSP GROUP INC,9.70980911397992,126882,8.646633770757267,65459,8.486756553281774,58444,8.876361217129451,57118,-61423,-7015,-1326
886,DST SYS INC DEL,90.74389734023735,62186,94.7902933421226,97088,92.16281177351351,101516,83.92121681686582,122615,34902,4428,21099
887,DSW INC,42.73252462628256,78067,35.85708837243636,162562,27.940481475646955,209481,30.10946101830309,358027,84495,46919,148546
888,DTE ENERGY CO,66.3905573332743,587207,74.28905701112964,663274,77.8696270993453,878250,76.08109149772605,596758,76067,214976,-281492
889,DTF TAX-FREE INCOME INC,14.012143858010276,19269,14.792289454695391,19402,16.29001396286911,19337,15.050080440085113,19269,133,-65,-68
890,DU PONT E I DE NEMOURS & CO,64.96998165818235,5607405,67.09997792039799,4452073,65.43998984266149,4489365,71.75990101754847,3787338,-1155332,37292,-702027
891,DUCOMMUN INC DEL,29.820032177199092,80181,25.05146568471107,34489,26.14318706697459,21650,27.397260273972602,21754,-45692,-12839,104
892,DUKE ENERGY CORP NEW,69.0103764018166,2813403,71.22003953759706,2310712,74.19013835591865,2447239,74.7697881385926,1864804,-502691,136527,-582435
893,DUKE REALTY CORP,15.040018557469766,4983438,16.880036340861334,4765985,18.16003716956534,4614528,17.180044767945727,4702025,-217453,-151457,87497
894,DUN & BRADSTREET CORP DEL NE,122.74888388137423,331058,99.35098627969684,587815,110.19988323927609,1079130,117.47003874297177,1305269,256757,491315,226139
895,DUNKIN BRANDS GROUP INC,48.19200407435702,78540,50.18019087786364,698981,45.80992610053424,1162390,44.81909524034153,529975,620441,463409,-632415
896,DUPONT FABROS TECHNOLOGY INC,24.709918972500983,1859739,24.06979837829083,2055979,26.96019492191204,3364219,27.04022184598238,3099087,196240,1308240,-265132
897,DURECT CORP,1.74293319812397,31556,1.3357079252003563,29198,1.8252253594576475,26846,1.4752950590118024,39992,-2358,-2352,13146
898,DXP ENTERPRISES INC NEW,115.20226351609695,26154,94.93331745653728,33592,75.61290322580646,7750,73.52477122120544,3169,7438,-25842,-4581
899,DYAX CORP,7.535101347295041,274847,8.979136562983244,591705,9.599770009557034,514804,10.121113247707518,535119,316858,-76901,20315
900,DYCOM INDS INC,27.787190782785498,103285,31.60333321807683,28921,31.293094303596053,28281,30.722475480038682,36195,-74364,-640,7914
901,DYNAGAS LNG PARTNERS LP,22.549833364773946,1590300,21.67001902690949,1839500,24.249969660792623,2991179,23.60998733089883,3128083,249200,1151679,136904
902,DYNAVAX TECHNOLOGIES CORP,1.96240446188804,261414,1.8083182640144664,141015,1.5852001532940807,57406,1.43130059124189,496751,-120399,-83609,439345
903,DYNEGY INC NEW DEL,8.393240780737314,349567,12.217778226990289,415542,30.666416964195214,1489773,25.991013129647264,1796621,65975,1074231,306848
904,E HOUSE CHINA HLDGS LTD,15.078796878176405,339417,12.08935901833431,451885,8.65720442892175,53828,9.52653138992093,73479,112468,-398057,19651
905,E M C CORP MASS,25.15000923560115,46548134,27.41001289748877,52206287,26.340007050878658,51454580,29.260012125453287,36602343,5658153,-751707,-14852237
906,E TRADE FINANCIAL CORP,19.63998766413998,3326886,23.019829572425074,2709186,21.259999733784124,2253810,22.591094000501684,916910,-617700,-455376,-1336900
907,E-COMMERCE CHINA DANGDANG IN,9.547034281401118,120561,14.351453005820426,47591,13.378415786767905,252870,12.199886571302537,396725,-72970,205279,143855
908,EAGLE BANCORP INC MD,30.628949557258444,869243,36.10050829330797,778881,33.75033816142547,683845,31.820041022352534,667441,-90362,-95036,-16404
909,EAGLE BULK SHIPPING INC,4.572961078256086,29084,3.9933444259567383,123205,3.087589028640703,52792,0.9199279389781134,52178,94121,-70413,-614
910,EAGLE MATERIALS INC,77.42822772966773,284302,88.65967064258548,251095,94.28689607860942,99123,101.8293081770148,137593,-33207,-151972,38470
911,EAGLE ROCK ENERGY PARTNERS L,5.953624399415082,28722,5.257003301149711,96633,4.9796456578753405,617313,3.5469160256114973,21709,67911,520680,-595604
912,EAST WEST BANCORP INC,34.97039132586884,276777,36.499850338989454,344111,34.99026306234941,302970,33.998355086219156,288161,67334,-41141,-14809
913,EASTGROUP PPTY INC,57.92809608294475,151619,62.88956787429071,57275,64.21627422511207,63364,60.58878038349135,56116,-94344,6089,-7248
914,EASTMAN CHEM CO,80.69990520745378,3128938,86.2100441498819,2415635,87.35012013984198,1525722,80.88979654402677,1252556,-713303,-889913,-273166
915,EASTMAN KODAK CO,34.69091464812409,13087,33.38781228111137,38547,24.468417761100692,63960,21.95701291929784,34522,25460,25413,-29438
916,EATON CORP PLC,76.11950862780157,1681251,75.11996903330176,1671473,77.17927424483959,1707518,63.36972918732705,1191894,-9778,36045,-515624
917,EATON VANCE CORP,42.789559271348956,420009,38.16165283487876,326663,37.79031721280518,267423,37.72946473769749,375330,-93346,-59240,107907
918,EATON VANCE NEW YORK MUN BD,11.330628173573695,45099,11.995831393157275,45099,12.505820528171355,45099,12.328433002949069,45099,0,0,0
919,EATON VANCE TAX ADVT DIV INC,19.005065919889244,31781,19.6485451487062,27941,20.682628629648498,19630,20.18981108425105,22338,-3840,-8311,2708
920,EATON VANCE TX MNG BY WRT OP,14.00452993906913,31347,14.183901621017327,28624,14.765200014802206,27023,14.8298144784253,33581,-2723,-1601,6558
921,EBAY INC,54.865008570626486,16001164,55.23997920990115,18643490,50.06006415655738,18685853,56.62996934920905,14906630,2642326,42363,-3779223
922,EBIX INC,14.704516033125422,161447,17.07019682982059,149266,14.3135440876714,132951,14.180806575348127,387143,-12181,-16315,254192
923,ECHELON CORP,2.150933413082736,86939,2.782426778242678,95600,2.4331174317093778,88775,2.0362101957705705,81524,8661,-6825,-7251
924,ECHOSTAR CORP,49.719861020295646,233991,47.560171077492,445646,52.94081893145856,345499,48.75653692406746,215889,211655,-100147,-129610
925,ECOLAB INC,104.26998799715794,1408833,107.98948824727648,1438390,111.33974296306879,1063816,114.82924766263386,794484,29557,-374574,-269332
926,ECOPETROL S A,38.445818555776775,75847,40.7898618417818,650848,36.04861305006745,719889,31.27046827246889,841241,575001,69041,121352
927,EDISON INTL,46.300116282384494,5717977,56.60999271543659,4174581,58.10993995116599,4272023,55.91968922555512,1826405,-1543396,97442,-2445618
928,EDUCATION MGMT CORP NEW,10.090004428654463,54368658,4.8699932965054975,54368658,1.6899994110577456,54368658,1.0900029940043765,54368658,0,0,0
929,EDUCATION RLTY TR INC,8.8212232096184,168344,9.86819115776526,286172,10.738258490925666,388238,10.278650457587762,263556,117828,102066,-124682
930,EDWARDS LIFESCIENCES CORP,65.75925902169314,311804,74.16734516122925,264065,85.84092999916366,239140,102.14945895697069,224289,-47739,-24925,-14851
931,EGAIN CORP,10.261641862698033,16664,7.0747764567161235,10177,6.777296058205013,40134,6.011906507522213,34099,-6487,29957,-6035
932,EHEALTH INC,46.49971695824461,37097,50.712489522212906,4772,37.94057675502477,13732,24.11420963088986,13519,-32325,8960,-213
933,EL PASO ELEC CO,35.110138890495506,1642517,35.730086836540345,1600248,40.20989864315081,1628405,36.550130732926604,1216220,-42269,28157,-412185
934,EL PASO PIPELINE PARTNERS L,36.000095214461005,3654907,30.390060189900204,796313,36.22996743864621,2128597,40.15981952264001,2439752,-2858594,1332284,311155
935,ELBIT SYS LTD,60.70258463778667,65928,60.932370321733416,15230,61.50310894836442,14796,62.11395655493094,28818,-50698,-434,14022
936,ELDORADO GOLD CORP NEW,5.690186722673082,1187483,5.5803277826006905,1520520,7.6404487615698224,1328456,6.739909155882634,933247,333037,-192064,-395209
937,ELECTRO RENT CORP,18.517448578691933,69232,17.586620668966553,53336,16.741092636579573,52625,13.770056644467092,42193,-15896,-711,-10432
938,ELECTRO SCIENTIFIC INDS,10.45324756309692,60938,9.835561702781618,26028,6.791995148574894,16490,6.791135780665237,47562,-34910,-9538,31072
939,ELECTRONIC ARTS INC,22.939543478437056,2097557,29.010225447952013,2155309,35.86987024005047,2298475,35.61040519790193,2001269,57752,143166,-297206
940,ELECTRONICS FOR IMAGING INC,38.73041365277926,956406,43.309614412375275,1509203,45.200114584182785,1434753,44.16991634775655,1540664,552797,-74450,105911
941,ELIZABETH ARDEN INC,35.453812228647905,58273,29.51443986036179,59869,21.416790634499712,123688,16.736488020306663,48457,1596,63819,-75231
942,ELLIE MAE INC,26.864123918467868,30859,28.838045983472927,17789,31.10047846889952,23408,32.622816725208104,20783,-13070,5619,-2625
943,EMBRAER S A,32.1820726634731,304362,35.497777820074795,105077,36.43049221730056,152839,39.220247829270136,146149,-199285,47762,-6690
944,EMCOR GROUP INC,42.4398511328169,1385396,46.790365987985865,1585134,44.53007878135408,1490835,39.95939504594399,1271766,199738,-94299,-219069
945,EMCORE CORP,5.1247010591048845,29270,5.041265194942471,24597,4.1427660930529,12552,5.671690163668772,12342,-4673,-12045,-210
946,EMERALD OIL INC,7.677811125846303,14327,6.717877898613268,139032,7.648958359510466,318344,6.153694069964288,80927,124705,179312,-237417
947,EMERGE ENERGY SVCS LP,44.32982399418029,791792,62.22011300586688,941898,105.79994619153541,1583394,115.3002961087442,1586917,150106,641496,3523
948,EMERGENT BIOSOLUTIONS INC,22.988274841465945,298674,25.270432258344044,276964,22.460569567967596,289307,21.31031450060821,350206,-21710,12343,60899
949,EMERSON ELEC CO,70.18018562602488,3126609,66.79998460189753,2519791,66.35996635887594,2842949,62.57998688487332,2112065,-606818,323158,-730884
950,EMPIRE DIST ELEC CO,22.699950498550315,28282,24.319369950437913,73645,25.675844199032827,72169,24.158720037100373,69002,45363,-1476,-3167
951,EMPIRE ST RLTY TR INC,15.29975415745506,500727,15.106414645036464,120942,16.503300660132027,139972,15.015171037865247,96236,-379785,19030,-43736
952,EMPLOYERS HOLDINGS INC,31.64652911480679,131926,20.238973299896735,67790,21.180587531080207,43436,19.258356046478266,27884,-64136,-24354,-15552
953,EMPRESA NACIONAL DE ELCTRCID,44.58956837643802,46244,43.18533244974597,63378,45.20918497313165,82439,43.95061728395061,76950,17134,19061,-5489
954,EMULEX CORP,7.163061394762011,49141,7.390705843261974,210670,5.699791210118544,1448825,4.940511408846152,637181,161529,1238155,-811644
955,ENBRIDGE ENERGY MANAGEMENT L,28.680684581210546,509158,27.70931483287659,797674,35.249806609938915,937225,37.21012273138498,1054498,288516,139551,117273
956,ENBRIDGE ENERGY PARTNERS L P,29.8687034441723,534439,27.409809192049465,497778,36.928783132326735,414663,38.851323843661056,552671,-36661,-83115,138008
957,ENBRIDGE INC,43.67967862677849,1072398,45.50971371142399,1586057,47.47020184537012,1169955,47.8798715160046,1332773,513659,-416102,162818
958,ENCANA CORP,18.049975038165122,4983608,21.37995631548507,3566939,23.710562592660022,1537880,21.20999784610744,1796747,-1416669,-2029059,258867
959,ENCORE CAP GROUP INC,50.263188482805575,60223,45.654621762718804,9769,45.419600226592216,49428,44.30936910500943,47710,-50454,39659,-1718
960,ENCORE WIRE CORP,54.194542041680705,41554,48.46938775510204,7840,49.052656050215035,17206,37.13561470215463,7890,-33714,9366,-9316
961,ENDEAVOUR INTL CORP,5.2428659053071245,68474,3.2577583609520935,53104,1.3686324492876998,212621,0.29852053224220765,251239,-15370,159517,38618
962,ENDEAVOUR SILVER CORP,3.5933806146572103,10575,4.3234014429696535,36314,5.446715081911838,23684,4.367205807646297,122046,25739,-12630,98362
963,ENDOCYTE INC,10.675768909546461,27539,23.815101116576876,12807,6.5917291146267,100884,6.107077424170456,14737,-14732,88077,-86147
964,ENDOLOGIX INC,17.426770485724877,32364,12.87014203304156,2281793,15.210302385780267,2439202,10.600052784708838,1902066,2249429,157409,-537136
965,ENDURANCE INTL GROUP HLDGS I,14.179992041093659,20884779,13.010019050222333,20852775,15.290003368856185,20852775,16.270016820303294,20852775,-32004,0,0
966,ENDURANCE SPECIALTY HLDGS LT,58.6691187956654,620957,53.82953205445249,794601,51.59000526428626,890909,55.1804777784769,953580,173644,96308,62671
967,ENDURO RTY TR,12.09126014099975,282270,12.529926386682478,312851,13.828364987192176,293961,11.2987790718991,327292,30581,-18890,33331
968,ENERGEN CORP,70.75110383180655,160577,80.80892309036255,251841,88.88064466648356,280331,72.23629968609356,158646,91264,28490,-121685
969,ENERGIZER HLDGS INC,108.23884811120053,202589,100.74006501265563,778310,122.03015041704676,1969923,123.20954527626324,1188106,575721,1191613,-781817
970,ENERGY RECOVERY INC,5.553502613102466,94715,5.32094785020179,44353,4.925137903861309,81216,3.5333554797209548,66226,-50362,36863,-14990
971,ENERGY TRANSFER EQUITY L P,81.73998545546443,10509789,46.74997977466689,16377975,58.939974972838925,18700483,61.68995286299844,19128285,5868186,2322508,427802
972,ENERGY TRANSFER PRTNRS L P,57.24953642001258,1591419,53.78998186083496,1413516,57.96987608259059,4061092,63.98993173159332,6677613,-177903,2647576,2616521
973,ENERPLUS CORP,18.177865039729078,151778,20.03074943571514,275127,25.17803756108826,320438,18.970445051666196,382068,123349,45311,61630
974,ENERSIS S A,14.990223767108407,441888,15.528561330894624,137231,16.843953838434526,199300,15.776725511161542,183308,-304657,62069,-15992
975,ENERSYS,70.09222539460714,216101,69.29773941842085,79714,68.8,42500,58.624039565486186,56615,-136387,-37214,14115
976,ENGILITY HLDGS INC,33.41030451724636,41574,45.08856682769726,7452,38.26151560178307,96912,31.173785254205487,95946,-34122,89460,-966
977,ENI S P A,48.48946034784382,382413,50.16998488488954,623879,54.90090111258621,766053,47.2498287301632,1065570,241466,142174,299517
978,ENNIS INC,17.701418716647144,76830,16.559704718518272,30073,15.254754398454185,29499,13.183206970691408,35348,-46757,-574,5849
979,ENPHASE ENERGY INC,6.333513555263767,64735,7.361728572111478,146433,8.590895625555445,10127,14.958734525447044,11632,81698,-136306,1505
980,ENPRO INDS INC,57.65265145759621,138207,72.6745913818722,67300,73.16200256032596,72647,60.53848025302084,49324,-70907,5347,-23323
981,ENSCO PLC,57.18076314001016,922583,52.78022539583066,951038,55.57057350680026,1043196,41.31057264896897,863653,28455,92158,-179543
982,ENSIGN GROUP INC,44.27867374920896,52147,43.65394056115704,26481,31.08154145207511,49901,34.78647028347273,27022,-25666,23420,-22879
983,ENSTAR GROUP LIMITED,138.90972229995882,803997,136.3102101127243,803997,150.72971860020428,803803,136.32089469077852,798667,0,-194,-5136
984,ENTEGRIS INC,11.588575885250211,117961,12.110125200031819,3871884,13.745096996413054,4644347,11.500044110729904,4511374,3753923,772463,-132973
985,ENTERCOM COMMUNICATIONS CORP,10.511324420143227,297013,10.070559522911342,304849,10.729387220356033,322106,8.030714201865777,289638,7836,17257,-32468
986,ENTERGY CORP NEW,63.270177914476996,702922,66.85025802615418,1382418,82.08995491394306,1464089,77.33012981120005,1225318,679496,81671,-238771
987,ENTEROMEDICS INC,2.403846153846154,416,1.8026491104318518,25518,1.5570375157907108,34039,1.2292118582791034,96810,25102,8521,62771
988,ENTERPRISE PRODS PARTNERS L,66.30002199676535,12533661,69.35998797491706,12513843,78.28998207033091,13189312,40.30000105988716,27172704,-19818,675469,13983392
989,ENTRAVISION COMMUNICATIONS C,5.751258087706686,1391,6.6987477442992285,109722,6.240249609984398,12179,3.967967679099632,27722,108331,-97543,15543
990,ENTROPIC COMMUNICATIONS INC,4.6994115439877735,218538,4.0963659961064245,73968,3.333122108865091,78905,2.657964995550281,168550,-144570,4937,89645
991,ENVESTNET INC,40.280289330922244,22120,40.187558930710225,78482,48.907612952010595,37029,44.99738278621102,53492,56362,-41453,16463
992,ENVISION HEALTHCARE HLDGS IN,35.501629030446026,8901,33.82983316372159,32427,35.914577530176416,107700,34.68000544776951,2342243,23526,75273,2234543
993,ENVIVIO INC,3.4057971014492754,13800,3.1159420289855078,13800,2.391304347826087,13800,1.8388438092931247,495420,0,0,481620
994,ENZO BIOCHEM INC,2.9191864031982964,148329,4.158582622689468,132978,5.245417738686452,100278,5.155034933587795,91173,-15351,-32700,-9105
995,ENZON PHARMACEUTICALS INC,1.1597419323824385,499249,1.0310297269006663,445186,1.0380143937995938,433520,1.0822627078588922,372368,-54063,-11666,-61152
996,ENZYMOTEC LTD,27.003470763100964,64251,22.010976087808704,51020,13.579781214635988,50369,6.671953186951409,36571,-13231,-651,-13798
997,EOG RES INC,167.84001722522154,1133222,196.1697814958717,1008402,116.86014981962695,2140841,99.01966581628344,1420536,-124820,1132439,-720305
998,EPAM SYS INC,34.95648421204057,13903,32.91261284950478,22818,43.75818912935436,44266,43.7832493762064,21241,8915,21448,-23025
999,EPIQ SYS INC,16.178775468931693,79116,13.62341717854569,29141,14.02770471681571,34218,17.560135179908553,15091,-49975,5077,-19127
1000,EPLUS INC,56.81529954852128,19713,55.76981629960418,19706,58.21702502200427,7953,56.019391327767295,7426,-7,-11753,-527
1001,EPR PPTYS,49.16017180523483,1648611,53.38984922329688,1494329,55.87017181339514,1468279,50.67975118786401,1771457,-154282,-26050,303178
1002,EQT CORP,89.78026253791761,1827317,96.97015374484964,1764677,106.90020337894842,510869,91.54030983436316,328369,-62640,-1253808,-182500
1003,EQT MIDSTREAM PARTNERS LP,58.78989315526381,2649452,70.33019405927689,2945904,96.74008562150782,4043143,89.61001856122613,4088092,296452,1097239,44949
1004,EQUIFAX INC,69.09077107016114,263465,68.02810481403762,243517,72.5373917162967,236416,74.73890053228337,228074,-19948,-7101,-8342
1005,EQUINIX INC,177.44997069651265,3514940,184.84016310240798,3177145,210.0900048915702,3066500,212.47998742211246,2467823,-337795,-110645,-598677
1006,EQUITY LIFESTYLE PPTYS INC,36.229795119942345,485650,40.648717852679894,587374,44.16131281230817,720042,42.36054996733756,646002,101724,132668,-74040
1007,EQUITY ONE,22.441532819714208,218969,22.342831298055177,232155,23.588211881808864,283913,21.625583458704625,259230,13186,51758,-24683
1008,EQUITY RESIDENTIAL,51.8698452840928,2132877,57.990247601629314,1793405,62.99991345614234,2241638,61.579579463894824,1920929,-339472,448233,-320709
1009,ERA GROUP INC,30.859674249741865,60046,29.31513278836,51134,28.6926375330718,21922,21.740099892971816,44848,-8912,-29212,22926
1010,ERICSSON,12.241141082781464,468257,13.330029959763074,1089795,12.080029883898375,1193954,12.590421472263772,1337763,621538,104159,143809
1011,ERIE INDTY CO,73.04153889043769,3587,69.78453882259797,17683,75.22168993986342,9811,75.83424069685519,15613,14096,-7872,5802
1012,ESSENT GROUP LTD,24.059966102228195,6038745,22.459964777449613,6038745,20.089935905556537,6038745,21.410077756222524,6038745,0,0,0
1013,ESSEX PPTY TR INC,143.51003078974378,797993,170.05089299826142,790875,184.9106452130843,411058,178.75188016084968,325770,-7118,-379817,-85288
1014,ESTERLINE TECHNOLOGIES CORP,101.96076559477513,837989,106.5398012248203,920135,115.1201405059371,933199,111.27015848883877,978744,82146,13064,45545
1015,ETFS GOLD TR,118.36790579858973,14607,126.06577344701584,3284,130.4100227790433,3512,118.66791744840523,2132,-11323,228,-1380
1016,ETFS SILVER TR,19.197666634790085,41828,19.500836789638363,13743,20.77829346661907,14005,16.786099931284973,10187,-28085,262,-3818
1017,ETHAN ALLEN INTERIORS INC,30.41960166587985,213941,25.44868999295515,149045,24.745473460275157,171102,22.80142014105455,166744,-64896,22057,-4358
1018,EURONET WORLDWIDE INC,47.85224893983518,129461,41.59157401989467,85450,48.236013330966884,101418,47.801984658315924,79913,-44011,15968,-21505
1019,EV ENERGY PARTNERS LP,33.929943999121555,18214,33.50827614049253,4954,39.63094988467184,4769,35.371281330522365,4269,-13260,-185,-500
1020,EVERBANK FINL CORP,18.368902439024392,13120,19.727345629510825,37410,20.171139256886818,61821,17.662807943448197,51917,24290,24411,-9904
1021,EVERCORE PARTNERS INC,59.780152493694686,137186,55.24907444741762,109124,57.63961928505577,77013,46.99383141166626,135039,-28062,-32111,58026
1022,EVEREST RE GROUP LTD,155.87014793804232,1334072,153.0499733504369,1337733,160.49059977440038,1384754,162.0101302170729,1349823,3661,47021,-34931
1023,EVERTEC INC,24.65975298822935,965622,24.699925694932638,998586,24.24006686914998,1087497,22.33914402620287,1004470,32964,88911,-83027
1024,EVOGENE LTD,19.650434382581967,1039061,19.048628915288514,264061,16.378876284690342,236341,13.155359363778093,57087,-775000,-27720,-179254
1025,EVOLUTION PETROLEUM CORP,12.349183818310854,14090,12.744711601629223,15222,10.949549655619004,16987,9.164375572773473,12003,1132,1765,-4984
1026,EXACT SCIENCES CORP,11.749778573470634,3280998,14.170188319149352,3286336,17.03017051675598,2697037,19.379946039745427,1840614,5338,-589299,-856423
1027,EXAMWORKS GROUP INC,29.870394262726077,800659,35.01022868769469,721989,31.72626025791325,54592,32.72543059777102,9870,-78670,-667397,-44722
1028,EXAR CORP,11.790190936709877,149107,11.924636298592892,16772,11.294172439890552,17177,8.941744534358653,22367,-132335,405,5190
1029,EXCEL TR INC,11.39459995045826,60555,12.683587522397325,70879,13.330041964946927,36459,11.790585129784427,22730,10324,-34420,-13729
1030,EXCO RESOURCES INC,5.309582796884507,594962,5.6007682046691905,920588,5.890450750830397,395895,3.3404309801904137,433477,325626,-524693,37582
1031,EXELIS INC,19.05926537776516,619856,19.010897206385923,544635,16.979480383889488,622575,16.540332189982742,636142,-75221,77940,13567
1032,EXELIXIS INC,6.129964629166187,2857439,3.54018219536394,3193056,3.3898627130231738,2842003,1.5298690387991232,2992413,335617,-351053,150410
1033,EXELON CORP,27.390168623583893,3247114,33.55994094868258,2019938,36.479991543580944,18315081,34.20157304989549,22169799,-1227176,16295143,3854718
1034,EXETER RES CORP,0.53075386952743,150729,0.6025325804915499,102899,0.7099049192919571,85927,0.6051648492324881,85927,-47830,-16972,0
1035,EXFO INC,4.7595994003838005,171443,4.940417514859166,171443,4.800429297200818,171443,4.182148002543118,171443,0,0,0
1036,EXLSERVICE HOLDINGS INC,27.6241327493046,62554,30.91013165426445,12229,29.452852153667052,42950,24.41071553472757,42891,-50325,30721,-59
1037,EXONE CO,60.45780758947418,213190,35.82923477506148,221216,39.62387991552994,70084,20.8949068664513,29098,8026,-151132,-40986
1038,EXPEDIA INC DEL,69.66032129341306,2281715,72.50012524849696,3812421,78.76014249480772,2855683,87.62006151904076,1951916,1530706,-956738,-903767
1039,EXPEDITORS INTL WASH INC,44.24903851250671,679156,39.62979990062365,646029,44.160413599971285,891296,40.57996715095782,473682,-33127,245267,-417614
1040,EXPONENT INC,77.2706279242555,49799,75.04152196889626,26492,74.1015741015741,20202,70.90842221404928,13595,-23307,-6290,-6607
1041,EXPRESS INC,18.667610619469027,353125,15.879481068466154,181681,17.027772500049142,152633,15.609904364911365,921210,-171444,-29048,768577
1042,EXPRESS SCRIPTS HLDG CO,70.24017537004407,2441466,75.0899495278419,2031417,69.32992485465725,2342394,70.62998446447119,2796815,-410049,310977,454421
1043,EXTERRAN HLDGS INC,34.201295196977874,252008,43.88135781036457,108292,44.98575778410765,122172,44.31505741549409,61830,-143716,13880,-60342
1044,EXTRA SPACE STORAGE INC,42.13045255719298,667783,48.511934834482396,643285,53.2491934187918,808970,51.56997278650057,1149797,-24498,165685,340827
1045,EXTREME NETWORKS INC,6.979820069929152,305452,5.8003650064759205,679440,4.4400268919715105,4138038,4.790139256158564,4372733,373988,3458598,234695
1046,EXXON MOBIL CORP,101.19999286546025,22874636,97.67995813746164,20895054,100.67999382695692,19497677,94.04998689086143,15496823,-1979582,-1397377,-4000854
1047,EZCORP INC,11.692965361161752,127256,10.791859358565539,299485,11.548498695169627,300039,9.909743841826423,292944,172229,554,-7095
1048,F M C CORP,75.45890721600269,418930,76.55955279673512,291590,71.19079723579976,427176,57.188666175057534,358008,-127340,135586,-69168
1049,F5 NETWORKS INC,90.86001004548497,1355833,106.62993466678148,1045410,111.43804836293602,448608,118.74083385711292,190920,-310423,-596802,-257688
1050,FABRINET,20.58449809402796,23610,20.7681440699225,75741,20.599148251722692,54711,14.59763716212037,16167,52131,-21030,-38544
1051,FACEBOOK INC,54.64901136363142,9196708,60.24000857094166,10808614,67.28993140419085,10811885,79.03987258216549,7521710,1611906,3271,-3290175
1052,FACTSET RESH SYS INC,108.57407498368549,142511,107.81277101865848,80714,120.28129395218002,53325,121.53309335650353,145014,-61797,-27389,91689
1053,FAIR ISAAC CORP,62.842068557740404,131918,55.31672566075236,89557,63.74905868041476,69052,55.10261082367962,75187,-42361,-20505,6135
1054,FAIRCHILD SEMICONDUCTOR INTL,13.34996375327699,2739558,13.78986069252938,2881755,15.599973502414384,3124813,15.52985756776033,2947226,142197,243058,-177587
1055,FALCONSTOR SOFTWARE INC,1.348435814455232,11124,1.5689893862482696,10835,1.7155162974048257,27397,1.1646414845296789,25759,-289,16562,-1638
1056,FAMILY DLR STORES INC,64.97027772820252,437046,58.01021864002349,1934504,66.14043830146855,640153,77.24033965108501,1060029,1497458,-1294351,419876
1057,FARMERS NATL BANC CORP,6.563589926674539,36413,7.68954580815032,33422,7.789295023337576,32994,7.984093945136538,32189,-2991,-428,-805
1058,FARO TECHNOLOGIES INC,58.30150527971242,35608,53.0001373060552,7283,49.10793146087264,5661,50.852354810748345,3461,-28325,-1622,-2200
1059,FASTENAL CO,47.50952216692921,829118,49.300206313676455,627685,49.489563081000995,799805,44.9002526560769,501868,-201433,172120,-297937
1060,FATE THERAPEUTICS INC,6.26966895172111,40991,9.730140630938806,26310,6.3055232258349685,67877,5.1020408163265305,83692,-14681,41567,15815
1061,FBL FINL GROUP INC,44.789693065555134,39585,43.30443159922929,20760,45.986622073578594,15548,44.70451789762243,18969,-18825,-5212,3421
1062,FEDERAL AGRIC MTG CORP,28.523784447955066,11394,26.76847463577321,11394,25.27646129541864,11394,24.047744426891352,11394,0,0,0
1063,FEDERAL REALTY INVT TR,101.41052660851877,503429,114.72285369404108,362029,120.9251800082674,208046,118.46051663593936,335749,-141400,-153983,127703
1064,FEDERATED INVS INC PA,28.800672279162264,721129,30.538385680861627,465447,30.919354695662197,451012,29.360471848184883,561367,-255682,-14435,110355
1065,FEDERATED PREM INTR MUN INC,12.172124121378365,17499,12.800731470369735,17499,13.200754328818789,17499,12.836392298164622,17762,0,0,263
1066,FEDEX CORP,143.7701238510874,4613928,132.56010218367632,3161366,151.38037760736015,1822581,161.4503086441627,1411010,-1452562,-1338785,-411571
1067,FEI CO,89.35811933618416,90266,103.03098846414836,26526,90.73139974779319,47580,75.42202572347267,49760,-63740,21054,2180
1068,FELCOR LODGING TR INC,8.159806675349538,191181,9.04225352112676,284000,10.511832691249312,363400,9.361491833326037,319714,92819,79400,-43686
1069,FERRELLGAS PARTNERS L.P.,22.94726116906993,45147,23.066666666666666,15000,27.333333333333336,15000,26.859295976142977,49629,-30147,0,34629
1070,FERRO CORP,12.828758081440613,147715,13.659724100622125,110910,12.568052820572223,51798,14.48736998514116,34996,-36805,-59112,-16802
1071,FIBROCELL SCIENCE INC,4.051960433798117,41955,5.218556997175276,41774,3.9956177096088163,62068,2.906511652711856,75004,-181,20294,12936
1072,FIDELITY,26.54922335877037,1108620,27.294716061678553,2811350,28.57928379957385,72745,27.951049729221786,647024,1702730,-2738605,574279
1073,FIDELITY & GTY LIFE,18.94005987028907,830462,23.600314701852536,860497,23.940449867447704,777429,21.350212332211832,743646,30035,-83068,-33783
1074,FIDELITY NATIONAL FINANCIAL,32.44973066497765,841517,31.439505023389174,975238,33.04012453123533,3131102,25.58208882097184,1183797,133721,2155864,-1947305
1075,FIDELITY NATL INFORMATION SV,53.67999455438052,4010563,53.450932001698895,795814,54.739831601786115,1008443,56.29977064531333,2285107,-3214749,212629,1276664
1076,FIDUS INVT CORP,21.757842387146134,20912,19.320453031312454,33022,20.514938730552107,14526,16.513314240448477,16411,12110,-18496,1885
1077,FIESTA RESTAURANT GROUP INC,52.24223116174843,74078,45.58491887986339,91346,46.40856845526935,85523,49.653692322700216,10251,17268,-5823,-75272
1078,FIFTH STREET FINANCE CORP,9.25193032483973,190771,9.45870649470666,294332,9.830093779511527,623697,9.1799825692969,710241,103561,329365,86544
1079,FIFTH THIRD BANCORP,21.030002416540945,4100903,22.954986384940074,4301854,21.35007611290202,3561814,20.01999210678434,16173383,200951,-740040,12611569
1080,FINANCIAL ENGINES INC,69.47826232976777,238204,50.78542140487311,122673,45.268852821022406,45285,34.229731873710925,25212,-115531,-77388,-20073
1081,FINANCIAL INSTNS INC,24.70067953834538,27813,23.01606329417406,12513,23.38836477987421,10176,22.523720847743203,11277,-15300,-2337,1101
1082,FINISAR CORP,23.920731585681764,350909,26.516270005315064,84665,19.742610050980094,92389,16.63658804737901,96414,-266244,7724,4025
1083,FINISH LINE INC,28.169526612864093,247324,27.08754300693572,146488,29.74269858665421,229031,25.027954434272136,228944,-100836,82543,-87
1084,FIREEYE INC,43.592979235975676,8717,61.5935847125064,5861,40.54499176523432,33395,30.559282253907167,312311,-2856,27534,278916
1085,FIRST AMERN FINL CORP,28.199705401424346,295996,26.549090325443505,211834,27.791689731221066,227622,27.120478270624105,227319,-84162,15788,-303
1086,FIRST BANCORP INC ME,17.412812268117737,20215,16.324511501360377,20215,17.462280484788522,20215,16.670789018055903,20215,0,0,0
1087,FIRST BANCORP P R,6.188890082733427,232675,5.439907792253152,229048,5.4410526644008606,256568,4.742824433723117,12229,-3627,27520,-244339
1088,FIRST BUSEY CORP,5.802405229387617,83069,5.800341196540973,84995,5.810866615538906,67804,5.567712805739453,36101,1926,-17191,-31703
1089,FIRST CASH FINL SVCS INC,61.838991381027746,456783,50.45957458551557,507317,57.59082548793194,531734,55.97977715260911,515061,50534,24417,-16673
1090,FIRST COMWLTH FINL CORP PA,8.819926952203739,361681,9.037857556396947,195179,9.219690588211122,194692,8.390562693841382,252784,-166502,-487,58092
1091,FIRST CTZNS BANCSHARES INC N,222.63831304890556,22431,240.75106897192782,21516,244.9650637073572,4866,216.50165016501649,4545,-915,-16650,-321
1092,FIRST FINL BANCORP OH,17.426498808946068,315267,17.980604013163642,171685,17.206300443294662,148434,15.833136101856404,164781,-143582,-23251,16347
1093,FIRST FINL BANKSHARES,66.11038873811073,766763,61.788717446322146,734940,31.370000438416646,1551036,27.78967063185948,1590591,-31823,816096,39555
1094,FIRST FINL CORP IND,36.56808520363853,21877,33.70174346201744,12848,32.209330432680694,16548,30.97047225161104,10397,-9029,3700,-6151
1095,FIRST HORIZON NATL CORP,11.6496470192579,2105214,12.339876149679494,1948804,11.860007586706676,2206491,12.279918533311289,2219803,-156410,257687,13312
1096,FIRST INDUSTRIAL REALTY TRUS,17.451353015176252,298888,19.321990589092373,367871,18.838649870572663,509166,16.910531560654302,493716,68983,141295,-15450
1097,FIRST INTST BANCSYSTEM INC,28.36916215024765,192815,28.217592463402518,179179,27.17873463489212,179221,26.57049607621744,178017,-13636,42,-1204
1098,FIRST LONG IS CORP,42.870951234766785,263815,40.61083028785707,272809,39.0817729975185,274834,34.44952932329122,264619,8994,2025,-10215
1099,FIRST MAJESTIC SILVER CORP,9.805493825746296,130947,9.638195654946644,235210,10.807831083789923,239456,7.798211745580168,118104,104263,4246,-121352
1100,FIRST MARBLEHEAD CORP,7.3928219815626965,55865,6.032041925329302,56863,5.242998016897123,36811,2.8046120286693674,12836,998,-20052,-23975
1101,FIRST MERCHANTS CORP,22.722466028657543,75652,21.634735008708635,80380,21.140286587985546,79138,20.208970708107934,94463,4728,-1242,15325
1102,FIRST MIDWEST BANCORP DEL,17.530454338301684,1981409,17.07992180514403,1825184,17.030011665122885,1873105,16.09029579023532,1800837,-156225,47921,-72268
1103,FIRST NIAGARA FINL GP INC,10.619721589052824,1597782,9.449825083579944,760649,8.740029513175017,1123566,8.32992396777238,1234345,-837133,362917,110779
1104,FIRST POTOMAC RLTY TR,11.623490085846694,78978,12.91687366784724,124798,13.121657836562806,161946,11.747201268281907,153909,45820,37148,-8037
1105,FIRST REP BK SAN FRANCISCO C,52.35003220381588,4726148,53.99003756371314,5352506,54.99007557266214,5223979,49.38002731777493,4715611,626358,-128527,-508368
1106,FIRST SEC GROUP INC,2.297846481066504,105316,2.081630657250431,143157,2.1686281010000554,217188,1.980964172405788,258460,37841,74031,41272
1107,FIRST SOLAR INC,54.63984425697599,285085,69.78970832439872,200531,71.0589607171489,205815,65.81039933282908,206244,-84554,5284,429
1108,FIRST SOUTH BANCORP INC VA,7.788747309807673,29273,8.687128177393186,29584,7.977091429740232,29334,8.107276023671877,29233,311,-250,-101
1109,FIRST TR EXCH TRD ALPHA FD I,34.46779176347435,117501,38.72539195584813,129734,40.547809177044975,96676,32.773674795884034,112926,12233,-33058,16250
1110,FIRST TR EXCHANGE TRADED FD,46.53540594266922,2156573,43.255807185750726,3711178,44.316885109964225,2019975,38.60902601310686,2871168,1554605,-1691203,851193
1111,FIRST TR EXCNGE TRD ALPHADEX,28.065787368941496,68767,28.25989241231313,68967,28.989521303605226,64989,29.42502376542302,408156,200,-3978,343167
1112,FIRST TR ISE REVERE NAT GAS,19.4975222349657,92422,20.697248798488253,134414,23.59882005899705,11187,17.89081415198545,358508,41992,-123227,347321
1113,FIRST TR LRG CP GRWTH ALPHAD,40.955796820473054,61896,41.73968968566604,62195,43.82988986252914,62195,43.52439906744915,62195,299,0,0
1114,FIRST TR MULTI CAP VALUE ALP,45.14223230460399,61273,45.533921955836995,61273,47.01178377045425,56773,45.51459320451623,56773,0,-4500,0
1115,FIRST TR NAS100 EQ WEIGHTED,36.36363636363636,12100,37.01198893329235,113855,38.99282140526431,147104,40.060301368536784,144607,101755,33249,-2497
1116,FIRST TR VALUE LINE DIVID IN,21.39987239399217,57991,21.86969877584705,21811,22.8617703855977,16053,22.461594956851698,16339,-36180,-5758,286
1117,FIRSTENERGY CORP,32.97995130194303,10541283,34.03008172151477,13593238,34.71998841830597,14505650,33.57003811784324,13965638,3051955,912412,-540012
1118,FIRSTMERIT CORP,22.230341778455557,708851,20.829458806025666,510815,19.75010596935603,464757,17.600439524310108,462318,-198036,-46058,-2439
1119,FIRSTSERVICE CORP,43.03746744139449,24955,47.5130141726597,33233,50.57505713108306,26693,52.2279792746114,38600,8278,-6540,11907
1120,FISERV INC,59.048987778903616,967180,56.69008564791722,771881,60.320136428265755,927667,64.63539474436321,769764,-195299,155786,-157903
1121,FIVE BELOW INC,43.19770054306634,1918366,42.479865874963494,3123056,39.910161368160345,4071745,39.610116009185134,3882796,1204690,948689,-188949
1122,FIVE PRIME THERAPEUTICS INC,16.790335848473585,478966,19.660554906495637,503292,15.550850551215596,506789,11.729191436256777,474372,24326,3497,-32417
1123,FIVE STAR QUALITY CARE INC,5.487990270598966,131560,4.860525640555698,136405,5.008580877532832,135767,3.7674534871263794,112012,4845,-638,-23755
1124,FLEETCOR TECHNOLOGIES INC,117.170055036677,1181394,115.09923005514422,1388541,131.7998549992656,1273097,142.11985980220672,1202872,207147,-115444,-70225
1125,FLEETMATICS GROUP PLC,43.526785714285715,1792,33.507223113964685,4984,32.34624145785877,10975,30.46521202140799,12145,3192,5991,1170
1126,FLEXTRONICS INTL LTD,7.770243050636599,2618837,9.239870462519807,2242131,11.069649929344877,3844024,10.319921487553612,3825126,-376706,1601893,-18898
1127,FLIR SYS INC,30.100512772495733,768957,35.99854365858292,631720,34.73132546458665,376087,31.339538539570786,297707,-137237,-255633,-78380
1128,FLOTEK INDS INC DEL,20.06869479882237,101900,27.87216105050712,39143,32.15195246179966,37696,26.0707635009311,28461,-62757,-1447,-9235
1129,FLOWERS FOODS INC,21.471246613231862,318519,21.449095495689946,296516,21.082976302048465,239008,18.361150536282132,333966,-22003,-57508,94958
1130,FLOWSERVE CORP,78.8292128445581,527850,78.33955154857748,702774,74.35013905329559,1366023,70.52019435891577,1505668,174924,663249,139645
1131,FLUIDIGM CORP DEL,38.285714285714285,47250,44.063372958424246,49043,29.390653190292355,51547,24.529447480267148,16470,1793,2504,-35077
1132,FLUOR CORP NEW,80.29133052458101,752410,77.73015396958573,790221,76.90002272594201,1007659,66.79039586615575,941303,37811,217438,-66356
1133,FLUSHING FINL CORP,20.700651481208805,1204793,21.07058576134956,1283970,20.55005661957344,1281359,18.26926812842397,1235408,79177,-2611,-45951
1134,FMC TECHNOLOGIES INC,52.21124617287825,548062,52.28924982700055,760118,61.06916810463189,589954,54.310023865938966,582839,212056,-170164,-7115
1135,FNB CORP PA,12.619196858387179,553601,13.402371618835993,286218,12.817481318004901,266433,11.987586879733193,289049,-267383,-19785,22616
1136,FOMENTO ECONOMICO MEXICANO S,97.8697521297324,581998,93.23965739811077,390424,93.65134568136688,445685,92.05039065040943,415077,-191574,55261,-30608
1137,FOOT LOCKER INC,41.44104347741664,412007,46.97901240108303,534792,50.72009411251054,824545,55.6499352408801,629255,122785,289753,-195290
1138,FORCEFIELD ENERGY,5.9420009042175295,15483,5.791638108293352,58360,5.307004011107684,113435,6.204242538013892,106540,42877,55075,-6895
1139,FORD MTR CO DEL,15.430023933645248,16886688,15.599907922116698,13162770,17.239993656100033,11223380,14.789889469710104,9730093,-3723918,-1939390,-1493287
1140,FOREST CITY ENTERPRISES INC,19.100122076462494,516070,19.098086341499638,363649,19.870402175856448,369142,19.557826616524704,243841,-152421,5493,-125301
1141,FOREST OIL CORP,3.609983734024735,1449037,1.9095204895809128,1032720,2.2797073339853013,611482,1.1702334948082855,887857,-416317,-421238,276375
1142,FORESTAR GROUP INC,21.266915538964067,85720,17.78433243688731,11527,19.07953224372564,14623,17.692579391837658,31143,-74193,3096,16520
1143,FORMFACTOR INC,6.008219648392927,99031,6.388963701110214,133668,8.322053971745198,94568,7.173495045111671,67610,34637,-39100,-26958
1144,FORTINET INC,19.1292373688018,315172,22.030713859465912,428992,25.128943726878056,389511,25.26681740837396,218033,113820,-39481,-171478
1145,FORTRESS INVESTMENT GROUP LL,8.560046230383563,3717036,7.399995487143417,6426085,7.440007948766929,8444077,6.879969414116207,6470959,2709049,2017992,-1973118
1146,FORTUNA SILVER MINES INC,2.875,24000,3.673661317815788,34026,5.507366102161641,43578,4.041666666666666,24000,10026,9552,-19578
1147,FORTUNE BRANDS HOME & SEC IN,45.7008418964826,473930,42.08003087589425,430109,39.9305674668789,583012,41.10983121903952,4045480,-43821,152903,3462468
1148,FORUM ENERGY TECHNOLOGIES IN,28.259783720492692,2094142,30.980124563744393,2300830,36.43007686942956,2602465,30.61018861841045,2530824,206688,301635,-71641
1149,FORWARD AIR CORP,43.910631164382885,993814,46.10985065855245,939257,47.84968535318553,949954,44.82965056387632,927065,-54557,10697,-22889
1150,FOSSIL GROUP INC,119.94096967003414,526509,116.57023991793406,912437,104.519470643468,1378126,93.90001157138201,1711118,385928,465689,332992
1151,FOSTER WHEELER AG,32.997074824352765,109737,32.419564407534274,110057,34.070284252497395,139946,31.624279723655228,132588,320,29889,-7358
1152,FOUNDATION MEDICINE INC,23.820842260179862,153563,32.37254717866867,159765,26.962103955270248,193160,18.95899768240194,57387,6202,33395,-135773
1153,FRANCESCAS HLDGS CORP,18.398516296356497,135337,18.149552311042992,24794,14.748549323017409,24816,13.91583345769288,26804,-110543,22,1988
1154,FRANCO NEVADA CORP,40.74237737516571,90520,45.85830907118799,175170,57.339960837475516,331950,48.87847338466689,197142,84650,156780,-134808
1155,FRANKLIN COVEY CO,19.8853688652992,54261,19.770551625884174,40009,20.11786222312538,29526,19.575966944388,29526,-14252,-10483,0
1156,FRANKLIN ELEC INC,44.63654223968566,89075,42.50057955335755,25882,40.29304029304029,12285,34.79196556671449,8364,-63193,-13597,-3921
1157,FRANKLIN RES INC,57.73010084160613,1760087,54.180047587274,3124785,57.84022030315725,2537231,54.61022402240089,2243481,1364698,-587554,-293750
1158,FRANKLIN STREET PPTYS CORP,11.950638328833547,384833,12.605014068393011,150337,12.5794879721972,187607,11.222534650508873,160748,-234496,37270,-26859
1159,FRANKS INTL N V,27.03340809821745,8471,24.798692963006182,17138,24.605904572984148,47387,18.699811711431643,170483,8667,30249,123096
1160,FREDS INC,18.481658097795247,236126,18.009823540112787,153916,15.286306618380305,152424,13.997989333242455,117374,-82210,-1492,-35050
1161,FREESCALE SEMICONDUCTOR LTD,16.053373189156098,111067,24.40654852230415,149591,23.505754051937092,132776,19.52945727907515,263653,38524,-16815,130877
1162,FRESENIUS MED CARE AG&CO KGA,35.579979286868515,2154189,34.849662194928534,876393,33.49008859420669,703432,34.699820973344,727266,-1277796,-172961,23834
1163,FRESH DEL MONTE PRODUCE INC,28.300750232736434,91305,27.57306226175349,47220,30.65445589536357,41821,31.9173220993214,48187,-44085,-5399,6366
1164,FRESH MKT INC,40.5073415985831,35006,33.6019544924154,54848,33.45597672627706,23374,34.97192394837947,10151,19842,-31474,-13223
1165,FRONTIER COMMUNICATIONS CORP,4.650040436921554,7297786,5.704970599690206,6516598,5.840090774398228,5753164,6.510188955298146,4248571,-781188,-763434,-1504593
1166,FRONTLINE LTD,3.7434023149081863,203291,3.929557670496573,648928,2.9199903427715523,832537,1.2605669359903258,877383,445637,183609,44846
1167,FTD COS INC,32.58105857600077,145913,31.816097225407013,104664,31.789840799889603,79711,34.117536788827444,53345,-41249,-24953,-26366
1168,FTI CONSULTING INC,41.14358926671007,96783,33.33755461280314,63172,37.82368737096361,74107,34.962034532972744,76912,-33611,10935,2805
1169,FUEL SYS SOLUTIONS INC,13.868523949169113,16368,10.773567178202317,15965,11.149995930658418,12287,8.91605248966385,55630,-403,-3678,43343
1170,FUEL TECH INC,7.093324863691706,18891,4.9844570693536285,18658,5.622489959839358,18675,4.27180607987284,20132,-233,17,1457
1171,FUELCELL ENERGY INC,1.413504403609873,91970,2.4826755046700817,165950,2.413471559431737,36462,2.0914872798434443,163520,73980,-129488,127058
1172,FULLER H B CO,52.04139906753797,427256,48.27943905289653,707589,48.08021940349674,11668,39.680957128614146,10030,280333,-695921,-1638
1173,FULTON FINL CORP PA,13.08368883713946,406231,12.579504364880636,453277,12.389547578719672,392024,11.081992153511903,383866,47046,-61253,-8158
1174,FUTUREFUEL CORPORATION,15.80082670095315,94109,20.301848938741077,87726,16.59482003294431,57066,11.89861457497885,91019,-6383,-30660,33953
1175,G & K SVCS INC,62.23068717816108,804362,61.170295288824526,773480,52.07028124332655,777334,55.380766772637116,729134,-30882,3854,-48200
1176,G-III APPAREL GROUP LTD,73.95725449581019,42484,71.6365754222481,3434,81.6642977128828,38695,82.84556506078343,8884,-39050,35261,-29811
1177,GAIN CAP HLDGS INC,7.512721164771725,283386,10.807202908429902,281664,7.8719797741833535,104421,6.368882239794829,116975,-1722,-177243,12554
1178,GALENA BIOPHARMA INC,5.166051660516605,1355,2.4988734586866577,24411,3.0582428104467265,242296,2.061974096091439,174105,23056,217885,-68191
1179,GALLAGHER ARTHUR J & CO,46.93008810293465,1972125,47.57997791995582,3615029,46.599923600855206,3657109,45.3600203010489,3680598,1642904,42080,23489
1180,GAMCO INVESTORS INC,86.97332817935833,51740,77.66688752691735,48296,83.0626061076062,47711,70.75031793132683,47180,-3444,-585,-531
1181,GAMESTOP CORP NEW,49.259719077251845,2346339,41.099932416635276,2660418,40.46963793514139,1880768,41.200150006594704,1645261,314079,-779650,-235507
1182,GAMING & LEISURE PPTYS INC,50.81007381109032,1807181,36.46126188911151,252542,33.96886564091149,287528,30.899746259214968,1282017,-1554639,34986,994489
1183,GANNETT INC,29.579847748477192,1020154,27.60036591197322,961980,31.30960354520352,1058557,29.670561810347237,927822,-58174,96577,-130735
1184,GAP INC DEL,39.0800520665976,4584129,40.0600624765939,8400586,41.5699644227612,13062003,41.69006216753343,14922741,3816457,4661417,1860738
1185,GARMIN LTD,46.18999585341682,1700195,55.260024493895045,1646941,60.899838673839795,1588707,51.99009606421847,1616731,-53254,-58234,28024
1186,GARTNER INC,71.0476148738962,228185,69.43979502497811,310672,70.51722612737059,146957,73.46918994887206,247614,82487,-163715,100657
1187,GASLOG LTD,17.064606741573037,14240,23.290244066042533,208714,31.89212214797263,375610,22.009918632860302,698685,194474,166896,323075
1188,GATX CORP,52.16078590419539,88764,67.88918328452563,86052,66.93337436528697,90986,58.36867768833492,138636,-2712,4934,47650
1189,GAZIT GLOBE LTD,13.414684677218863,193072,13.027152673120641,78298,13.280947218836534,356074,12.419543257667728,218285,-114774,277776,-137789
1190,GENCORP INC,18.02314151711742,142428,18.268124280782512,48664,19.095546670343307,58024,15.972852002457365,34183,-93764,9360,-23841
1191,GENERAC HLDGS INC,56.64425278253733,69451,58.97286108887398,138657,48.738773076885494,204642,40.54021450531161,2528329,69206,65985,2323687
1192,GENERAL AMERN INVS INC,35.1990669923179,236654,35.231068024281036,246118,36.82011814284211,218549,37.06226479809472,207003,9464,-27569,-11546
1193,GENERAL CABLE CORP DEL NEW,29.407879964602238,151422,25.60607331599698,95368,25.661073354583912,299286,15.081323692831681,138582,-56054,203918,-160704
1194,GENERAL COMMUNICATION INC,11.150512520077903,128873,11.405731127552409,99073,11.089470964664734,50318,10.910092573463583,101649,-29800,-48755,51331
1195,GENERAL DYNAMICS CORP,95.54998429908363,1968038,108.91964668553295,1457625,116.5504319013789,1382260,127.0898399355344,1218634,-510413,-75365,-163626
1196,GENERAL ELECTRIC CO,28.030006681811546,71335445,25.889993456419678,69064637,26.28000772964391,65255270,25.62000005840302,61983099,-2270808,-3809367,-3272171
1197,GENERAL FIN CORP DEL,6.016485169364058,16621,7.8912757562472615,15967,9.502692429521698,12628,8.87774082633448,35482,-654,-3339,22854
1198,GENERAL GROWTH PPTYS INC NEW,20.0701587564728,3836442,22.000124050370026,2869802,23.559864239165748,3056257,23.5500063669198,2764288,-966640,186455,-291969
1199,GENERAL MLS INC,49.90960726977474,1918849,51.82063790689535,1828480,52.54045521409325,1943569,50.44921787538328,1697172,-90369,115089,-246397
1200,GENERAL MOLY INC,1.3413431774929494,87226,0.9895547003848268,81855,1.1461026143874078,78527,0.7415142022669149,132162,-5371,-3328,53635
1201,GENERAL MTRS CO,34.43917653031509,12417312,33.44591064972802,9600217,35.349167607933026,11174662,31.090546744014407,12001558,-2817095,1574445,826896
1202,GENESCO INC,73.05364726830851,83117,74.56388229531669,26541,82.1472143147621,27049,74.75385578510046,140568,-56576,508,113519
1203,GENESEE & WYO INC,100.3067126735677,119982,97.32310546919196,88386,105.00260552371029,115140,96.5806483445996,101335,-31596,26754,-13805
1204,GENESIS ENERGY L P,52.569888188864134,4615551,54.19989342205444,4332979,56.040078675078284,4744069,52.640043970612055,5228947,-282572,411090,484878
1205,GENIE ENERGY LTD,10.210735296796168,274515,9.969657563935847,237621,7.868701807791164,208929,7.028087515831822,201335,-36894,-28692,-7594
1206,GENOMIC HEALTH INC,29.270907173360534,173517,26.340968396636704,68980,27.389579624619785,71341,28.306100024811254,141065,-104537,2361,69724
1207,GENPACT LIMITED,18.381100496186036,67515,17.420757825370675,758750,17.52908104833748,105653,16.311919163418978,56707,691235,-653097,-48946
1208,GENTEX CORP,32.979326582033885,393307,31.52968353551547,316876,29.09059282833619,310444,26.769648271611352,442927,-76431,-6432,132483
1209,GENTHERM INC,26.811112202043056,723133,34.71957990463048,528261,44.434640110929024,31732,42.23508336778285,14514,-194872,-496529,-17218
1210,GENTIVA HEALTH SERVICES INC,12.404570426770224,98109,9.127551683786244,38455,15.07358557824515,19637,16.77629901585845,58833,-59654,-18818,39196
1211,GENUINE PARTS CO,83.19021110806675,598556,86.84890135818041,466212,87.80107730277972,444072,87.71048384641149,262728,-132344,-22140,-181344
1212,GENWORTH FINL INC,15.52998823378272,12547788,17.730057702889102,9706793,17.399945764684876,1814316,13.100132007568545,3597521,-2840995,-7892477,1783205
1213,GEOSPACE TECHNOLOGIES CORP,94.63505066827,239499,66.28075253256151,3455,55.08210351278321,4811,35.11770647191361,12871,-236044,1356,8060
1214,GERDAU S A,7.840046103910022,2099605,6.409836777669761,1634519,5.889384492113992,766294,4.79976229748622,787539,-465086,-868225,21245
1215,GERON CORP,4.7399685551905355,817305,2.0943220601923667,90244,3.206659561174612,108836,2.000891536482078,394824,-727061,18592,285988
1216,GETTY RLTY CORP NEW,18.366272730690664,159586,18.884729983352603,94309,19.069391396470486,71738,16.999080354063686,69592,-65277,-22571,-2146
1217,GEVO INC,1.4307430921935083,145379,1.169990954398293,286327,0.8590929036282797,378306,0.34237195288961925,248268,140948,91979,-130038
1218,GFI GROUP INC,3.9110389722514816,115826,3.550166584739745,109854,3.3188874869713096,218748,5.411050351850465,226943,-5972,108894,8195
1219,GIBRALTAR INDS INC,18.587589146651368,97592,18.87888469358118,27544,15.498792882477426,33551,13.677565555195857,12356,-70048,6007,-21195
1220,GIGAMON INC,28.021647624774502,8315,30.38317239682637,16259,19.136993509910546,114020,10.468810447708703,170602,7944,97761,56582
1221,GIGOPTIX INC,1.5384071297213184,56552,1.6787778497253998,41697,1.3802802229282776,38398,1.1997600479904018,38341,-14855,-3299,-57
1222,GILDAN ACTIVEWEAR INC,53.30695412606549,108166,50.377458301306135,342157,58.88327539861132,114209,54.720731599763916,147403,233991,-227948,33194
1223,GILEAD SCIENCES INC,75.09998557184724,13099390,70.86002702675115,20376848,82.90998557481711,28349034,106.44995727004087,16434605,7277458,7972186,-11914429
1224,GLACIER BANCORP INC NEW,29.78999200982455,2200202,29.070194065237857,2412127,28.379929156581454,2513995,25.860308320722453,2438370,211925,101868,-75625
1225,GLADSTONE CAPITAL CORP,9.568877866149741,105237,10.077418394312726,107468,10.061937872279833,126417,8.772443811995144,119465,2231,18949,-6952
1226,GLADSTONE INVT CORP,8.067323245766701,48839,8.270069455661444,61910,7.3973069711948165,117340,7.109690397784423,145154,13071,55430,27814
1227,GLATFELTER,27.642446555974807,152917,27.214723361127742,86828,26.537463569399524,81319,21.950939203943246,78311,-66089,-5509,-3008
1228,GLAXOSMITHKLINE PLC,53.390163578950215,1918462,53.429897674113825,2380727,53.48006568662038,2233636,45.96992816084207,2411359,462265,-147091,177723
1229,GLIMCHER RLTY TR,9.361474245777677,295039,10.03111299435982,592357,10.831616590650468,542209,13.539953380461185,1468912,297318,-50148,926703
1230,GLOBAL BRASS & COPPR HLDGS I,16.540165840389594,22793,15.764328732162031,64259,16.899648185443148,1163397,14.670050010743307,1149553,41466,1099138,-13844
1231,GLOBAL CASH ACCESS HLDGS INC,9.991820854610165,90474,6.857376797502687,19541,8.920210930954608,20291,6.74249530956848,51168,-70933,750,30877
1232,GLOBAL EAGLE ENTMT INC,14.862535160148807,55105,15.77778151769636,118838,12.408163265306122,61250,11.236322064347544,30615,63733,-57588,-30635
1233,GLOBAL INDEMNITY PLC,25.29320704221657,38113,26.35104957570344,38063,25.986812662231113,33517,25.220765319775214,29896,-50,-4546,-3621
1234,GLOBAL PMTS INC,64.98995038482673,1366719,71.11015030462494,1623636,72.84940295021673,1597103,69.88028752063653,1215078,256917,-26533,-382025
1235,GLOBAL X FDS,21.622613489916272,234338,20.018546313203245,313809,18.730401529636712,130750,17.92168837194247,185362,79471,-183059,54612
1236,GLOBE SPECIALTY METALS INC,18.01027825582555,2185974,20.81984210091212,2322496,20.779746050685826,1883998,18.19038691070779,1952130,136522,-438498,68132
1237,GLOBUS MED INC,20.179745360738952,913292,26.573787409700728,27132,23.911623548121433,35213,19.679267913464532,22511,-886160,8081,-12702
1238,GLU MOBILE INC,3.8841427987346946,92942,4.745840748709504,112941,4.988239751219434,63349,5.167365217890566,121919,19999,-49592,58570
1239,GNC HLDGS INC,58.45037612116416,854246,44.020808007076255,1093233,34.100212399289106,4083347,38.739916143911906,3808191,238987,2990114,-275156
1240,GOGO INC,24.82474156807496,117826,20.53925624217739,471390,19.56011078865578,679853,16.866737577875703,19743,353564,208463,-660110
1241,GOL LINHAS AEREAS INTLG S A,4.569228449825465,258687,4.861668734944156,136990,5.482456140350877,90288,4.8107949545321205,136360,-121697,-46702,46072
1242,GOLAR LNG LTD BERMUDA,36.29026358068226,341717,41.692219739098796,288615,60.10237880156579,282285,66.40002759416511,637816,-53102,-6330,355531
1243,GOLAR LNG PARTNERS LP,30.250058583130908,2598871,29.899989056715576,3746590,36.849962994785244,4231836,34.72005131855786,4673553,1147719,485246,441717
1244,GOLD FIELDS LTD NEW,3.199598166635273,796350,3.689828498277453,1434213,3.7195013138972186,2000537,3.8997473842358543,2212451,637863,566324,211914
1245,GOLDCORP INC NEW,21.66995010824848,2616665,24.480101777301783,3578008,27.91009627386169,3324890,23.02986078814169,3023162,961343,-253118,-301728
1246,GOLDEN MINERALS CO,0.4700971706349411,193577,0.8363141719985893,198490,1.1504170261719873,201666,0.6383409363371686,192687,4913,3176,-8979
1247,GOLDEN STAR RES LTD CDA,0.44013521111228177,1015597,0.6042178102447802,973159,0.5900653723325789,752459,0.4156203535990711,745873,-42438,-220700,-6586
1248,GOLDMAN SACHS GROUP INC,46.84884493999364,380543,47.90012360060111,562295,49.28458921787932,604408,42.690442098570706,742391,181752,42113,137983
1249,GOLUB CAP BDC INC,19.11046398428836,708774,17.840051047538022,789852,17.700539061871424,807885,15.950250021081564,794533,81078,18033,-13352
1250,GOODRICH PETE CORP,17.020281579206458,650048,15.82002724628432,325916,27.599872509576816,332574,14.8199284555178,223078,-324132,6658,-109496
1251,GOODYEAR TIRE & RUBR CO,33.01433210417228,849631,28.77488822573872,850151,27.779357755702694,896637,22.58321273516643,552800,520,46486,-343837
1252,GOOGLE INC,1120.709809628737,2172019,1114.5097928831171,1705269,579.9342707753767,3761797,582.8818530715089,3083745,-466750,2056528,-678052
1253,GORDMANS STORES INC,7.681879801174875,13278,5.446009389671361,15975,4.280716196748302,24295,3.3982782057091074,22070,2697,8320,-2225
1254,GORMAN RUPP CO,33.442384587422765,27510,31.788079470198674,33975,35.37984932760685,28406,30.04010804616518,24434,6465,-5569,-3972
1255,GOVERNMENT PPTYS INCOME TR,24.85002676506201,2025028,25.199786028678645,1908667,25.39032085037172,693532,21.915728204479308,39515,-116361,-1215135,-654017
1256,GP STRATEGIES CORP,29.78458667081421,38577,27.246298424717736,14791,25.82335329341317,8016,28.746121555028292,10958,-23786,-6775,2942
1257,GPO AEROPORTUARIO DEL PAC SA,53.21973273496773,90023,58.493978561030474,90676,67.61299590012669,100247,67.43352601156069,86500,653,9571,-13747
1258,GRACE W R & CO DEL NEW,98.86996650135633,847497,99.17033888956622,1205673,94.52958678256964,926292,90.9404992542207,538363,358176,-279381,-387929
1259,GRACO INC,78.11997980447055,2527292,74.73991068947973,2710319,78.08023638044583,2803616,72.98010904480104,2710629,183027,93297,-92987
1260,GRAFTECH INTL LTD,11.231133840588749,200425,10.919068050188155,197178,10.45673309237103,155211,4.58217098555888,178518,-3247,-41967,23307
1261,GRAHAM HLDGS CO,663.3283155663422,32551,703.7450929826068,34899,718.1089525879636,22083,699.6103579836026,24638,2348,-12816,2555
1262,GRAINGER W W INC,255.42121468495583,576808,252.65904848271438,621933,254.2699620447818,900008,251.64889785587462,851023,45125,278075,-48985
1263,GRAN TIERRA ENERGY INC,7.311589285919656,347804,7.477838855048778,262509,8.12016480687927,557501,5.546108062147328,51748,-85295,294992,-505753
1264,GRAND CANYON ED INC,43.59581694672863,44752,46.690775255172994,46733,45.95278246205734,37952,40.723621294230156,12548,1981,-8781,-25404
1265,GRANITE CONSTR INC,34.97772922094293,59495,39.938697883969134,54158,35.991475284687326,62876,31.805088814210272,41660,-5337,8718,-21216
1266,GRANITE REAL ESTATE INVT TR,36.492054149499715,59465,36.26536080569158,108230,37.20802626226313,105703,34.52699898117052,79503,48765,-2527,-26200
1267,GRAPHIC PACKAGING HLDG CO,9.599957979392396,5140335,10.159948215278364,3959469,11.700115127503205,4467221,12.429874793634989,4241877,-1180866,507752,-225344
1268,GRAY TELEVISION INC,14.883502896862893,136527,10.36879959775266,457430,13.129722750377276,367106,7.87938970309968,309161,320903,-90324,-57945
1269,GREAT LAKES DREDGE & DOCK CO,9.206827718254775,24547,9.148578086566262,23173,8.006742520016857,14238,6.1697751932487055,28202,-1374,-8935,13964
1270,GREAT PANTHER SILVER LTD,0.7308246726409484,198406,1.0114535068538015,207622,1.2579260726523456,175686,1.019079172855021,218825,9216,-31936,43139
1271,GREAT PLAINS ENERGY INC,24.241023889413515,298626,27.041015092003065,531341,26.868427454248902,501518,24.17017114549327,535743,232715,-29823,34225
1272,GREAT SOUTHN BANCORP INC,30.42455558554737,25933,30.01134718472434,25557,32.07743380529558,25002,30.35829852326881,16997,-376,-555,-8005
1273,GREATBATCH INC,44.24290458179921,99677,45.93482819809647,49592,49.0608741253916,72461,42.604080390798,118322,-50085,22869,45861
1274,GREEN DOT CORP,25.156116703634197,146525,19.532949765507905,62049,18.964465098812376,42606,21.129663986806843,19404,-84476,-19443,-23202
1275,GREENBRIER COS INC,32.83853593869823,168217,45.61039789490471,37623,57.59588869390825,63824,73.38555205910521,58472,-130594,26201,-5352
1276,GREENHILL & CO INC,57.93224377852213,88966,51.9823240181739,80335,49.24565898092799,49182,46.47666771061697,47895,-8631,-31153,-1287
1277,GREENLIGHT CAPITAL RE LTD,33.71303240413188,56536,32.801723822018296,272882,32.940129089695084,134790,32.409701233711544,161464,216346,-138092,26674
1278,GREIF INC,52.41208540585156,46039,52.47978484349842,56517,54.56752335215578,37898,43.79190751445086,43250,10478,-18619,5352
1279,GRIFFON CORP,13.210015526613855,5809380,11.939975495567904,5812826,12.399992705785445,5812826,11.390156870341555,5812826,3446,0,0
1280,GRIFOLS S A,36.119974331939936,1803019,41.29952523648577,1367207,44.05003534118836,1387899,35.12991090968901,1839145,-435812,20692,451246
1281,GROUP 1 AUTOMOTIVE INC,71.01541725499752,139519,65.6599445665679,94167,84.31044109436068,154026,72.71157845175972,127435,-45352,59859,-26591
1282,GROUPE CGI INC,33.46603632744464,96456,30.91501332543678,84425,35.47902541205005,145128,33.76989294870219,122091,-12031,60703,-23037
1283,GROUPON INC,11.767022093126107,350471,7.839686992164452,483055,6.620651468285789,628488,6.679234024085928,294944,132584,145433,-333544
1284,GRUPO AEROPORTUARIO DEL SURE,124.62930575621624,65755,122.6360701107011,104064,127.01383716828035,102044,128.4966432225064,100096,38309,-2020,-1948
1285,GRUPO FINANCIERO GALICIA S A,10.448895402486023,36846,12.319857161076396,39205,14.651174026475987,82792,14.213521511495562,109825,2359,43587,27033
1286,GRUPO FINANCIERO SANTANDER M,13.64018086859274,2918583,12.290011588538231,3830509,13.280009990865908,3443145,13.530016159190508,3024904,911926,-387364,-418241
1287,GRUPO TELEVISA SA,30.2600293040492,1472834,33.2901471450317,1014985,34.3098575840307,2044223,33.879909850880445,2527368,-457849,1029238,483145
1288,GS FIN CORP,18.05933915235077,215844,18.18232328143014,215979,19.16963951083411,216123,18.19992127260518,215935,135,144,-188
1289,GSI GROUP INC CDA NEW,11.207460732984293,12224,13.042997678788547,18094,12.74128005418219,23624,11.486859033265945,21764,5870,5530,-1860
1290,GSI TECHNOLOGY,6.613557793476628,13306,6.9012524495186165,11737,5.966362867612514,42572,5.413958394738066,64463,-1569,30835,21891
1291,GSV CAP CORP,12.089031051294679,361402,10.152775091858443,20684,10.584287066517511,23242,10.018629683295382,24155,-340718,2558,913
1292,GT ADVANCED TECHNOLOGIES INC,8.714353381445664,339899,17.054162454755925,122668,18.601825368111356,292982,10.830976967824713,160558,-217231,170314,-132424
1293,GTX INC DEL,1.6486298708180738,84919,1.5266147318321623,89086,1.3804552795647504,110833,0.7319984684339738,88798,4167,21747,-22035
1294,GUESS INC,31.070730072947374,734228,27.601502506313857,234009,27.00392613604343,106466,21.963093835885356,127350,-500219,-127543,20884
1295,GUGGENHEIM BLD AMR BDS MANG,19.82154028514043,60742,20.71590779133788,61209,22.037178590596383,61487,21.302184585983067,60698,467,278,-789
1296,GUIDANCE SOFTWARE INC,10.092602226615336,19222,11.05871976661352,29479,9.12975912975913,30888,6.714021601634718,20554,10257,1409,-10334
1297,GUIDEWIRE SOFTWARE INC,49.06978136095427,1453583,49.04962266470497,1512978,40.659595377162034,1566051,44.33989526675685,2716425,59395,53073,1150374
1298,GULFMARK OFFSHORE INC,47.1299108097869,836751,44.940120347321596,255095,45.180673441578705,548199,31.34838813230773,161986,-581656,293104,-386213
1299,GULFPORT ENERGY CORP,63.131151390934896,187356,71.1803511932484,195391,62.79978733721657,171163,53.39821163385889,126596,8035,-24228,-44567
1300,H & E EQUIPMENT SERVICES INC,29.621112571178273,18264,40.466241477897505,9094,36.357176693510176,25332,40.27427193610368,26543,-9170,16238,1211
1301,H & Q HEALTHCARE INVESTORS,26.970828216009828,246711,27.20932849773286,275457,26.359806018135643,2043490,28.39975136404448,1158320,28746,1768033,-885170
1302,HAEMONETICS CORP,42.12643623632551,105397,32.57308857160517,16179,35.275552803467626,100126,34.93431855500821,24360,-89218,83947,-75766
1303,HAIN CELESTIAL GROUP INC,90.77985235061529,2846744,91.43003096423044,2834561,88.73995286479399,2604847,102.34992115790064,2555107,-12183,-229714,-49740
1304,HALCON RES CORP,3.8598734562070143,799249,4.329944216502144,810634,7.290637880703954,548786,3.960792360295873,594578,11385,-261848,45792
1305,HALLIBURTON CO,50.74996309443686,9036578,58.88997673956053,6224302,71.01008066513238,6057140,64.50991357230279,5792009,-2812276,-167162,-265131
1306,HALOZYME THERAPEUTICS INC,14.992592984498177,151208,12.701488686091027,189899,9.878486793062644,191831,9.099843698195425,168904,38691,1932,-22927
1307,HANCOCK HLDG CO,36.680270072698605,347462,36.65371306054563,253726,35.31899818574144,279453,32.049743645685616,229175,-93736,25727,-50278
1308,HANCOCK JOHN FINL OPPTYS FD,23.542813745965447,57937,24.0760114074435,69779,23.13772243564269,45294,22.21044729986312,45294,11842,-24485,0
1309,HANCOCK JOHN PREMUIM DIV FD,11.59424976957035,61841,12.934978073634728,31697,13.578274760383387,31300,13.140956876206825,37288,-30144,-397,5988
1310,HANESBRANDS INC,70.27022856790174,388856,76.48135426117146,381374,98.44035277734798,323150,107.43988161302255,270300,-7482,-58224,-52850
1311,HANGER INC,39.33403607063954,69253,33.675289919714544,8968,31.47151978281635,19891,20.525017618040874,90816,-60285,10923,70925
1312,HANMI FINL CORP,21.88743855189882,113307,23.300242822453928,56008,21.087533156498672,30160,20.16416845110635,22416,-57299,-25848,-7744
1313,HANOVER INS GROUP INC,59.70465732677015,66025,61.44048442455009,76627,63.151749225311,111335,61.41768644654814,108275,10602,34708,-3060
1314,HANSEN MEDICAL INC,1.7288614922339325,181044,2.599567040750704,220806,1.311759033410857,282064,1.1797477237492704,558594,39762,61258,276530
1315,HARBINGER GROUP INC,11.850659940420535,91978,12.224799854439592,87936,12.699110683174247,131899,13.121593432474263,118888,-4042,43963,-13011
1316,HARDINGE INC,14.504144041154616,13996,14.391691394658752,13480,12.660149371546545,32938,10.943420189234383,47243,-516,19458,14305
1317,HARLEY DAVIDSON INC,69.23992021443117,670798,66.61080794004303,691029,69.84992356870157,796794,58.201263306607046,464337,20231,105765,-332457
1318,HARMAN INTL INDS INC,81.84949829636652,213074,106.40364485067013,286212,107.43195964834902,301549,98.03665281637821,145364,73138,15337,-156185
1319,HARMONIC INC,7.380776720165455,661448,7.140210935781517,345508,7.459149560637589,394549,6.338779691298756,373889,-315940,49041,-20660
1320,HARMONY GOLD MNG LTD,2.5299027851566613,751017,3.0497373912082972,742359,2.971079872328453,824616,2.158660304471791,407197,-8658,82257,-417419
1321,HARRIS & HARRIS GROUP INC,2.9881178373057717,56892,3.464429982046678,71296,3.1753762236399936,102665,2.9759047710473263,104170,14404,31369,1505
1322,HARRIS CORP DEL,69.80935229942044,773521,73.16069665268974,838524,75.75006173134105,481927,66.400339737557,468597,65003,-356597,-13330
1323,HARSCO CORP,28.03285169741229,268114,23.42971325615273,417376,26.62764889288168,151384,21.417604415680326,102906,149262,-265992,-48478
1324,HARTE-HANKS INC,7.819783651165384,224175,8.837385606758001,92335,7.187693108270726,92241,6.374121568988768,119389,-131840,-94,27148
1325,HARTFORD FINL SVCS GROUP INC,35.21992424516888,7838972,35.25753570878872,6003284,35.809792638824895,5285705,37.25002982569453,4861580,-1835688,-717579,-424125
1326,HARVEST NATURAL RESOURCES IN,4.516999662630732,53354,3.770571796122965,45086,4.984845454405588,64997,3.661600034061397,23487,-8268,19911,-41510
1327,HASBRO INC,55.01052900063143,642986,55.62081766495818,457131,53.05044383264769,634924,54.99561548733586,549662,-185855,177793,-85262
1328,HATTERAS FINL CORP,16.338315451457078,290238,18.848624630259444,153486,19.808226842290086,168011,17.959779739814305,149278,-136752,14525,-18733
1329,HAVERTY FURNITURE INC,31.30141892022687,103318,29.70019034878008,242187,25.125730596710614,147140,21.788719042540585,135024,138869,-95047,-12116
1330,HAWAIIAN ELEC INDUSTRIES,26.05742369973688,172542,25.416271244931412,173865,25.319740500463396,161850,26.5494252422357,152847,1323,-12015,-9003
1331,HCA HOLDINGS INC,47.71020438390128,985743,52.50019112821818,640931,56.38100964926291,532165,70.51972909503661,741367,-344812,-108766,209202
1332,HCC INS HLDGS INC,46.138867470824245,153038,45.487724943391726,134256,48.9370152810586,143511,48.288595369975866,161943,-18782,9255,18432
1333,HCP INC,36.319824259057654,4518469,38.790085101047936,3924276,41.379910600493616,4021275,39.709983814404495,3880611,-594193,96999,-140664
1334,HD SUPPLY HLDGS INC,24.01781880635466,37264,26.1491317671093,19580,28.391692184795637,60088,27.249242386606394,40258,-17684,40508,-19830
1335,HDFC BANK LTD,34.448219245980525,96841,41.03121038108733,214544,46.825310923157005,194019,46.58090787967498,213156,117703,-20525,19137
1336,HEADWATERS INC,9.78883005847563,209831,13.20832846692078,94183,13.901984431531632,45605,12.542309529248085,48157,-115648,-48578,2552
1337,HEALTH CARE REIT INC,53.49849635320465,2904605,59.42617694298096,2416982,62.478631074349394,2556282,62.31652890037225,2160422,-487623,139300,-395860
1338,HEALTH NET INC,29.672023433038373,162847,34.00946442371823,188918,41.5403979019128,370242,46.110185542977675,473583,26071,181324,103341
1339,HEALTHCARE RLTY TR,21.309845148458585,1816062,24.1500153470332,1576852,25.420168996148725,1583113,23.6796927403094,1969409,-239210,6261,386296
1340,HEALTHCARE SVCS GRP INC,28.37027334569089,3140858,29.060113818460607,3139561,29.439914440834066,2935980,28.60997785289661,1715800,-1297,-203581,-1220180
1341,HEALTHCARE TR AMER INC,9.839945390357947,5426148,11.390179493973365,5076215,12.040202125287953,538280,11.599905690731427,1488719,-349933,-4537935,950439
1342,HEALTHSOUTH CORP,33.320585523753074,1126991,35.929615394671465,1338645,35.869970889004996,1339700,36.900214536131024,1242215,211654,1055,-97485
1343,HEALTHSTREAM INC,32.625256557160306,79417,26.682252490343565,19676,24.316553774182548,20521,24.035034117527246,9819,-59741,845,-10702
1344,HEALTHWAYS INC,15.348776805571337,123202,17.134737545971248,23928,17.53605692864858,31478,16.043744742218482,16642,-99274,7550,-14836
1345,HEARTLAND EXPRESS INC,19.624985857256,97223,22.68409234843687,34738,21.346788278672623,46377,23.943003971034802,17124,-62485,11639,-29253
1346,HEARTLAND PMT SYS INC,49.84375687689802,90884,41.469937596988814,30287,41.20550594102231,78606,47.695630198042544,21763,-60597,48319,-56843
1347,HECLA MNG CO,3.0774940847161436,323315,3.070374172191888,1538249,3.4505123881177844,1426165,2.479860918958145,766172,1214934,-112084,-659993
1348,HEICO CORP NEW,56.65522116744092,79216,54.704325887637694,97506,51.939416328038426,40605,45.1050743208611,56579,18290,-56901,15974
1349,HEIDRICK & STRUGGLES INTL IN,20.14127405871298,154310,20.069517629005123,108174,18.4969602897426,108234,20.53713937761212,108389,-46136,60,155
1350,HELEN OF TROY CORP LTD,49.37364618204402,132034,69.22497006607637,135298,60.62925618962149,151544,52.518982976896716,142101,3264,16246,-9443
1351,HELIX ENERGY SOLUTIONS GRP I,23.179549852327124,245475,22.97956551489881,203137,26.310767418126307,241042,22.06192222511141,223054,-42338,37905,-17988
1352,HELMERICH & PAYNE INC,84.07998994351401,978473,107.56001812214971,434827,116.1100076126808,571415,97.87223224953607,314696,-543646,136588,-256719
1353,HENRY JACK & ASSOC INC,59.209858368445104,157592,55.761042044818886,175194,59.435163506844816,170421,55.660395586842974,155263,17602,-4773,-15158
1354,HERBALIFE LTD,78.69964572687995,709622,57.26824151476554,467135,64.54090445137828,894487,43.75013203202568,1325436,-242487,427352,430949
1355,HERCULES OFFSHORE INC,6.523519775333488,68368,4.588438067731867,128802,4.018828331055195,207772,2.1985473149984074,97337,60434,78970,-110435
1356,HERCULES TECH GROWTH CAP INC,16.402083314721672,111937,14.063017287291466,69473,16.157505430747655,181835,14.460640878449313,223849,-42464,112362,42014
1357,HERITAGE COMMERCE CORP,8.244640983360815,20013,8.069757365684575,18464,8.178613396004701,21275,8.195514550718947,20377,-1549,2811,-898
1358,HERITAGE FINL CORP WASH,17.101014836285845,605812,16.92019158880486,707557,16.090254411132538,714159,15.840748437951884,594732,101745,6602,-119427
1359,HERSHA HOSPITALITY TR,5.569655504148762,315998,5.828582348632035,376764,6.709288789519392,541190,6.3690589959225274,502272,60766,164426,-38918
1360,HERSHEY CO,97.23025638511692,509975,104.39780083069373,557847,97.36821513341506,460068,95.43078101216757,317319,47872,-97779,-142749
1361,HERTZ GLOBAL HOLDINGS INC,28.621124494499284,459940,26.6386468990154,520109,28.029982587464943,7097186,25.390098568742854,9219657,60169,6577077,2122471
1362,HESS CORP,83.00075688656155,1491637,82.87983971853956,826546,98.89039666482141,1020635,94.32016692546586,824320,-665091,194089,-196315
1363,HEWLETT PACKARD CO,27.980042902487764,8991087,32.359934143625004,8260400,33.679917129364355,9073419,35.469939548131244,8768298,-730687,813019,-305121
1364,HEXCEL CORP NEW,44.68799116435156,70623,43.53890700605081,103953,40.9087691981032,70645,39.707245413686366,114362,33330,-33308,43717
1365,HFF INC,26.850063719574408,739961,33.610327629021576,948756,37.190444699879215,958714,28.95052959623009,820814,208795,9958,-137900
1366,HHGREGG INC,13.973669296020665,215262,9.609237653827712,150168,10.171018311866412,148756,6.3085542111953306,127446,-65094,-1412,-21310
1367,HIBBETT SPORTS INC,67.15550577943071,94646,52.915109913980366,11509,54.209109003629564,8541,42.64958600218716,19203,-83137,-2968,10662
1368,HIGHER ONE HLDGS INC,9.756306755438336,93273,7.23185040055071,264386,3.81071627856336,367385,2.471712009284264,179228,171113,102999,-188157
1369,HIGHWOODS PPTYS INC,36.170040165410256,5054100,38.40996848478022,5114037,41.949971092391884,5067870,38.89995539479675,5405199,59937,-46167,337329
1370,HILL ROM HLDGS INC,41.33982460314361,844827,38.53935547804896,1186709,41.509820322001865,1211111,41.429902639867045,723294,341882,24402,-487817
1371,HILLENBRAND INC,29.41849354704133,148614,32.32972112988923,33313,32.64510627931055,32838,30.890031487903066,100356,-115301,-475,67518
1372,HILLTOP HOLDINGS INC,23.126948445406533,108099,23.78984385566793,66541,21.255113136229483,77252,20.05210696185304,77149,-41558,10711,-103
1373,HILTON WORLDWIDE HLDGS INC,22.247977210445935,92323,22.24499778714681,42931,23.29956357471036,1146588,24.628278752134094,161075,-49392,1103657,-985513
1374,HIMAX TECHNOLOGIES INC,14.682615024365546,15801,11.52031578305438,180377,6.8546851549024455,89282,10.134792743488397,9867,164576,-91095,-79415
1375,HMS HLDGS CORP,22.700265985559692,3131373,19.04997768683447,4994809,20.40993659836536,5903791,18.850040930685612,5564285,1863436,908982,-339506
1376,HNI CORP,38.82887114451229,83031,36.55666771496428,92213,39.10903910903911,69498,35.981700028851314,72787,9182,-22715,3289
1377,HOLLY ENERGY PARTNERS L P,32.32971705827836,2292875,33.17003614507874,2190893,34.39008635422765,2150329,36.400058264822995,2135079,-101982,-40564,-15250
1378,HOLLYFRONTIER CORP,49.68994885287646,1369774,47.58046960465802,725802,43.68981696172836,879816,43.680154281975945,967579,-643972,154014,87763
1379,HOLLYSYS AUTOMATION TECHNOLO,18.93028822663499,1279167,21.539741656384717,1050384,24.490051679861,941566,22.490841304790273,864752,-228783,-108818,-76814
1380,HOLOGIC INC,22.35055728060728,556183,21.50040073859888,451666,25.349471735759703,415985,24.32987190993452,593879,-104517,-35681,177894
1381,HOME BANCSHARES INC,37.35017799390931,1313809,34.41999032102926,1324521,32.819481663408645,1340789,29.410425501537706,1295765,10712,16268,-45024
1382,HOME DEPOT INC,82.3399195435318,5423554,79.12985701703478,6018689,80.95998834762507,14197964,91.74004446882908,4093654,595135,8179275,-10104310
1383,HOME LN SERVICING SOLUTIONS,22.97026868971508,1215789,21.600084477741046,2471657,22.73021368067861,2627472,21.18971633742324,2027021,1255868,155815,-600451
1384,HOME PROPERTIES INC,53.620211924349476,1283005,60.11965005888354,1232093,63.959620722095785,1280855,58.24061587527842,1288053,-50912,48762,7198
1385,HOMEAWAY INC,40.87548920133353,27596,37.66954950646314,150546,34.82151572305261,317591,35.50441317631634,85426,122950,167045,-232165
1386,HONDA MOTOR LTD,41.349766333730415,261912,35.33939579714588,293610,34.99091065418724,325656,34.28011186659302,345769,31698,32046,20113
1387,HONEYWELL INTL INC,91.37003311258276,5827392,92.75992241356232,5415895,92.95001253290701,6159784,93.11988824127552,5760982,-411497,743889,-398802
1388,HOOKER FURNITURE CORP,16.6732929132293,40244,15.64963641070294,42493,16.130895647402014,69246,15.216127156425664,30954,2249,26753,-38292
1389,HORACE MANN EDUCATORS CORP N,31.537825429866835,105207,29.013992231737557,21369,31.26070376544197,43793,28.525414754677023,45328,-83838,22424,1535
1390,HORMEL FOODS CORP,45.169948290884584,456786,49.26954270467335,454236,49.349633535154545,621342,51.38855521186823,532784,-2550,167106,-88558
1391,HORNBECK OFFSHORE SVCS INC N,49.22279792746114,71796,41.82094194312796,54016,46.91393067776831,63414,32.74477021571586,24523,-17780,9398,-38891
1392,HORSEHEAD HLDG CORP,16.205590883562515,110394,16.821865594897776,105993,18.260876245496238,130169,16.534293349168642,107776,-4401,24176,-22393
1393,HOSPIRA INC,41.28042629835142,522451,43.249973967003356,681827,51.369652386264285,829225,52.02923795725007,675697,159376,147398,-153528
1394,HOSPITALITY PPTYS TR,27.02984562404217,2704048,28.72039898914693,2316855,30.399984150206407,9993821,26.849945420691448,5594611,-387193,7676966,-4399210
1395,HOST HOTELS & RESORTS INC,19.439763937017947,4594706,20.239841206184387,3453535,22.01021826296604,3958207,21.33007553839545,4928487,-1141171,504672,970280
1396,HOUGHTON MIFFLIN HARCOURT CO,16.960130485612495,1733831,20.329814607532906,1725151,19.159954392075818,1772499,19.439940736563393,1617186,-8680,47348,-155313
1397,HOUSTON WIRE & CABLE CO,13.371963449966572,26922,13.158907272027704,12995,12.440758293838865,11816,11.950877771367345,12133,-13927,-1179,317
1398,HOVNANIAN ENTERPRISES INC,6.621168264421844,112971,4.727425049368679,150399,5.156037991858886,81070,3.668244716095144,104137,37428,-69329,23067
1399,HOWARD HUGHES CORP,120.10311517907571,69049,142.73134499789424,26119,157.83484493359146,117756,149.99908302308947,109054,-42930,91637,-8702
1400,HSBC HLDGS PLC,55.129666847027906,1034960,50.83054779427148,1075495,50.25651764213172,974202,50.88047933582226,919272,40535,-101293,-54930
1401,HSN INC,62.30025052674676,718087,59.73025449142296,961054,59.240139149360935,1032847,61.36975738345787,892231,242967,71793,-140616
1402,HUANENG PWR INTL INC,36.334633108826644,5642,38.298436257619926,7546,45.26999593991068,4926,43.663123466884706,6115,1904,-2620,1189
1403,HUB GROUP INC,39.88168241829594,69305,40.03511852502195,5695,50.38167938931297,15720,40.490576246731,11089,-63610,10025,-4631
1404,HUBBELL INC,108.90031836551542,1408444,119.86976071568668,1366408,123.1503729365324,1469553,120.53042893624873,1430842,-42036,103145,-38711
1405,HUDBAY MINERALS INC,8.200589970501477,33900,7.784256559766764,34300,9.300291545189506,34300,8.554588622212368,54123,400,0,19823
1406,HUDSON CITY BANCORP,9.430305042899477,1385215,9.829968119022316,963584,9.830077174068006,1858785,9.720092050355692,1485274,-421631,895201,-373511
1407,HUDSON GLOBAL INC,4.022526146419952,21131,3.796687390252005,21071,3.9465550853501976,21031,3.756359659550188,21031,-60,-40,0
1408,HUDSON PAC PPTYS INC,21.86976677694727,2350368,23.069873845943217,2264295,25.340067629745285,2371146,24.659720501342477,2199295,-86073,106851,-171851
1409,HUGOTON RTY TR TEX,7.513062049502307,26221,8.079934450109251,43936,10.983562793181038,26221,8.962282140269249,26221,17715,-17715,0
1410,HUMANA INC,103.22013294541055,2923606,112.71993959386164,2819581,127.72036397181661,1026563,130.28998330574476,708627,-104025,-1793018,-317936
1411,HUNT J B TRANS SVCS INC,77.30305180979417,211350,71.92133319928571,208881,73.78131780751762,148398,74.04904653046358,208659,-2469,-60483,60261
1412,HUNTINGTON BANCSHARES INC,9.650016375289796,20912607,9.970020985310283,23016100,9.539994609401267,23147707,9.729989278508521,21525923,2103493,131607,-1621784
1413,HUNTINGTON INGALLS INDS INC,90.01404606047757,150932,102.2578864459494,148546,94.59833029247524,72348,104.2098128553677,106228,-2386,-76198,33880
1414,HUNTSMAN CORP,24.600163778264285,1196740,24.42140100285947,439942,28.099349574848045,610370,25.991553081205605,520900,-756798,170428,-89470
1415,HURON CONSULTING GROUP INC,62.667233489209536,79978,63.374932175800325,73720,70.82209129453223,90805,60.95975807093402,37697,-6258,17085,-53108
1416,HUTCHINSON TECHNOLOGY INC,3.1982039225653405,47214,2.8315777551251555,17658,2.5107333852218234,39829,3.661947464029296,34681,-29556,22171,-5148
1417,HYATT HOTELS CORP,49.45993687197753,103599,53.81123347257224,231736,60.980392694640024,364609,60.522120166853846,398912,128137,132873,34303
1418,HYSTER YALE MATLS HANDLING I,93.17412869953684,60886,97.4948219745537,60834,88.53465879410507,63173,71.63226086417457,64524,-52,2339,1351
1419,IAC INTERACTIVECORP,68.65087668926317,616467,71.38993881755627,319863,69.2310700956608,485779,65.90048660057423,362926,-296604,165916,-122853
1420,IAMGOLD CORP,3.3306016300676826,513721,3.5203374005670964,811854,4.119593876790185,962959,2.7607985665450943,314764,298133,151105,-648195
1421,IBERIABANK CORP,62.84432371388893,65527,70.15645805592544,72096,69.18881652652443,81227,62.51478516378849,80317,6569,9131,-910
1422,ICAHN ENTERPRISES LP,109.32754880694141,2305,102.20994475138123,362,99.64830011723328,2559,105.8416139716953,53136,-1943,2197,50577
1423,ICICI BK LTD,37.17086495738317,404887,43.79822127627228,210488,49.9032751008521,236237,49.10262180713403,284384,-194399,25749,48147
1424,ICON PLC,40.41610358590779,31819,47.57108545750368,12907,47.11231498500532,72359,57.24341390197195,38642,-18912,59452,-33717
1425,ICONIX BRAND GROUP INC,39.69989084532133,1585823,39.269894458964075,1330383,42.940040494320726,1282649,36.93975606039487,1384687,-255440,-47734,102038
1426,ICU MED INC,63.70496032797894,113178,59.90265818045676,8013,60.78818579891818,34941,64.18675887035018,43093,-105165,26928,8152
1427,IDACORP INC,51.840102935113364,1887014,55.47019992012592,1489845,57.82988938740094,1471713,53.60986755283677,1421548,-397169,-18132,-50165
1428,IDEX CORP,73.85038834765766,1150258,72.89103327116605,785515,80.73935012596836,635477,72.36934275328963,649543,-364743,-150038,14066
1429,IDEXX LABS INC,106.37102663488777,124611,121.40317826866396,131644,133.57555798177944,111742,117.83260597156807,185144,7033,-19902,73402
1430,IDT CORP,17.8615465915096,56770,16.664506452867222,54007,17.43093922651934,36200,16.072382988470643,26194,-2763,-17807,-10006
1431,IGATE CORP,40.16136008876685,106346,31.539926679910714,48827,36.3919648322297,17971,36.730662386567076,16199,-57519,-30856,-1772
1432,IHS INC,119.69914303578652,108756,121.495655432466,85394,135.66658307093564,107661,125.19358145689587,137539,-23362,22267,29878
1433,II VI INC,17.58001039578228,215472,15.444630204601545,25122,14.463967405143876,39270,11.773136773136773,39072,-190350,14148,-198
1434,IKANOS COMMUNICATIONS,1.2021864395738455,168859,0.8691009065915339,176044,0.4279728582374421,144869,0.35205434062292906,144864,7185,-31175,-5
1435,ILLINOIS TOOL WKS INC,84.0804166758559,2176464,81.33007204273042,2289891,87.55986683912228,2078989,84.42012711300725,1916877,113427,-210902,-162112
1436,ILLUMINA INC,110.5890084089372,626952,148.66001682490085,183062,178.54074720143745,609956,163.92050785630266,436974,-443890,426894,-172982
1437,IMATION CORP,4.680663433164875,176898,5.771167944484862,142952,3.4428938670583915,130704,2.955977055987613,56834,-33946,-12248,-73870
1438,IMAX CORP,29.48137476847088,19436,27.33033425240652,20673,28.39931153184165,10458,27.441659464131373,13884,1237,-10215,3426
1439,IMMERSION CORP,10.392609699769052,38104,10.558517983471775,47071,12.711730751033025,31703,8.587025820847943,50192,8967,-15368,18489
1440,IMMUNOCELLULAR THERAPEUTICS,0.935299295774648,18176,1.2401408800039684,20159,1.0995915802701854,19098,0.8920138524504145,19058,1983,-1061,-40
1441,IMMUNOGEN INC,14.674737145506725,79797,14.922442568230903,76395,11.854013851018346,78117,10.590644397517117,218778,-3402,1722,140661
1442,IMMUNOMEDICS INC,4.61052524326252,78516,4.2148662666264,76159,3.632442249843919,17619,3.722823947543049,88911,-2357,-58540,71292
1443,IMPAX LABORATORIES INC,25.138231108415184,171452,26.424384992623896,200648,29.990718957069785,277986,23.70906950881247,231093,29196,77338,-46893
1444,IMPERIAL OIL LTD,44.22945117288866,252411,46.5498315220575,392633,52.62999105874351,364602,47.217523257155676,459321,140222,-28031,94719
1445,IMPERVA INC,48.16596512327121,16630,55.71769700185725,11307,26.203597795570346,19234,28.730350665054413,20675,-5323,7927,1441
1446,INCYTE CORP,50.62901550417421,909755,53.51940565478036,903448,56.44090162273118,927572,49.0501914555676,910394,-6307,24124,-17178
1447,INDEPENDENT BANK CORP MASS,39.12049590521236,728365,39.36933198980499,674840,38.37999456374015,735800,35.720666149319726,716476,-53525,60960,-19324
1448,INDEPENDENT BANK CORP MICH,12.002403275161033,71569,12.976557596266682,73286,12.879634332148301,49225,11.925659168642213,55259,1717,-24061,6034
1449,INDEPENDENT BK GROUP INC,49.66019086267914,674202,58.75049961399686,730564,55.66973944778818,720086,47.44884523682431,702525,56362,-10478,-17561
1450,INDEXIQ ETF TR,28.961626543037482,35806,29.217427214536446,38744,29.97954152022242,38126,29.657058980517746,29976,2938,-618,-8150
1451,INFINERA CORPORATION,9.780094287136539,170755,9.07877100196382,384964,9.199588653697832,233380,10.66920579115701,163836,214209,-151584,-69544
1452,INFINITY PHARMACEUTICALS INC,13.809709390051136,3120196,11.89000505476449,3669805,12.740142153537619,3390700,13.420206690357475,3150026,549609,-279105,-240674
1453,INFINITY PPTY & CAS CORP,71.74722287875205,67696,67.61656708033297,19581,67.24374021909233,20448,64.00990099009901,20200,-48115,867,-248
1454,INFOBLOX INC,33.02580063482653,80967,20.060239719864647,338979,13.149170059676793,364966,14.749952821287035,264950,258012,25987,-100016
1455,INFORMATICA CORP,41.49791502003216,183455,37.782387206328046,186092,35.64765842869507,207980,34.23997299387622,4324945,2637,21888,4116965
1456,INFOSYS LTD,56.59951651893635,620500,54.180706352177715,160260,53.77284702782809,194336,60.49025706551893,594790,-460240,34076,400454
1457,ING GROEP N V,14.009475701779875,612514,14.250376129762024,728472,14.02027889870767,783080,14.189681992208426,1011862,115958,54608,228782
1458,INGERSOLL-RAND PLC,61.599938468032896,2236236,57.24024180366071,1759444,62.51003090814018,2704142,56.35980223130957,1824758,-476792,944698,-879384
1459,INGLES MKTS INC,27.10110968654671,45238,23.839246164378046,49666,26.351541872805104,39011,23.691692113298934,28491,4428,-10655,-10520
1460,INGRAM MICRO INC,23.46136641827532,288389,29.558758054164077,518831,29.21098910041094,442402,25.808508448452017,398357,230442,-76429,-44045
1461,INGREDION INC,68.4600652454187,2057769,68.08036388457658,1986564,75.04023944166515,1839613,75.79039493895229,1460251,-71205,-146951,-379362
1462,INLAND REAL ESTATE CORP,10.519913330428485,3362195,10.54987182060114,3174067,10.630339862489542,3229718,9.91002541137158,3174563,-188128,55651,-55155
1463,INNERWORKINGS INC,7.79261376322958,44786,7.654505514414475,44157,8.507953502600184,52304,8.099528500070026,42842,-629,8147,-9462
1464,INNODATA INC,2.452623489592701,61159,2.917389260765977,61699,3.2173870221113283,60919,3.0451199777271225,57469,540,-780,-3450
1465,INNOPHOS HOLDINGS INC,48.59595750441999,62783,56.74332601409915,8653,57.54891657909223,19983,55.08503013301478,74503,-54130,11330,54520
1466,INNOSPEC INC,46.21622387932745,35269,45.238478891395424,24824,43.132368446276246,10433,35.90992087644553,14787,-10445,-14391,4354
1467,INOVIO PHARMACEUTICALS INC,2.8997331167994034,1039406,3.329490978712036,202133,10.810515339074273,475648,9.848757063992425,367356,-837273,273515,-108292
1468,INPHI CORP,12.899651788540675,12636,16.094834232845027,10376,14.680971202710333,19481,14.405907632709885,16521,-2260,9105,-2960
1469,INSIGHT ENTERPRISES INC,22.70792344839921,139775,25.103062426383985,27168,30.73970690858339,28660,22.622296871719502,57156,-112607,1492,28496
1470,INSMED INC,16.96712619300106,15088,19.03971019202185,166179,19.912312751187436,5474,13.057786899748757,56518,151091,-160705,51044
1471,INSPIREMD INC,2.457531574213653,78941,3.0529129349767548,78941,2.950629643289952,56937,2.192884977256227,67491,0,-22004,10554
1472,INSTEEL INDUSTRIES INC,22.72690139694469,61205,19.67037024604746,29791,19.682706865907445,15191,20.5907506085126,15201,-31414,-14600,10
1473,INSULET CORP,37.10464443105425,169278,47.420186764656314,237304,39.67194027806315,58404,36.847972774746225,68172,68026,-178900,9768
1474,INSYS THERAPEUTICS INC NEW,38.72041140437117,26446,41.42896985370553,39441,31.228554297809016,138431,38.778309578895936,169863,12995,98990,31432
1475,INTEGRA LIFESCIENCES HLDGS C,47.716935627458284,61781,45.91995035681042,3223,47.06129313597845,400159,49.639783885861426,643919,-58558,396936,243760
1476,INTEGRATED DEVICE TECHNOLOGY,10.179586421491194,209537,12.230970009708042,516067,15.459134610878568,533471,15.949085318044652,522914,306530,17404,-10557
1477,INTEGRATED SILICON SOLUTION,12.103012103012107,21978,15.562248995983934,19920,14.762871378483114,32514,13.770032674653804,12854,-2058,12594,-19660
1478,INTEGRYS ENERGY GROUP INC,54.41284822117746,228016,59.65001295448657,185264,71.13291576365238,209945,64.81943672672361,318531,-42752,24681,108586
1479,INTEL CORP,25.954965254653498,23482713,25.813990936657227,32317436,30.900055768826817,27873995,34.82000765410526,23495888,8834723,-4443441,-4378107
1480,INTELIQUENT INC,11.406734858062293,104412,14.521682718698536,40078,13.873372700120836,87722,12.469705261512,25582,-64334,47644,-62140
1481,INTELSAT S A,33.81441918092623,298630,28.196350684113426,281313,25.840421454842897,349646,24.33995059185168,497084,-17317,68333,147438
1482,INTER PARFUMS INC,35.800607350176634,48407,36.20523194335893,43502,29.536605044375065,28507,27.512740928076024,26097,-4905,-14995,-2410
1483,INTERACTIVE BROKERS GROUP IN,24.3395219657687,219273,21.671173806925708,189699,23.288362619779722,279367,24.94851213265387,302984,-29574,89668,23617
1484,INTERDIGITAL INC,29.490169100575127,197693,33.10584065457562,106084,47.815596897369936,50151,39.818474601083295,81972,-91609,-55933,31821
1485,INTERFACE INC,21.96093186592669,159465,20.54990892127458,1035917,18.8406457624372,1184832,16.140814483696612,1159483,876452,148915,-25349
1486,INTERMOLECULAR INC,4.9185445464049256,550976,2.797761790567546,20016,2.335121489428842,15845,2.3233515267738607,27116,-530960,-4171,11271
1487,INTERNAP NETWORK SVCS CORP,7.5204375015396305,284159,7.078118576079589,269987,7.046097603725867,199685,6.897532532176634,196882,-14172,-70302,-2803
1488,INTERNATIONAL BANCSHARES COR,26.361483027882052,199268,25.0776821082094,168636,27.001642346298947,190581,24.667315806556317,191022,-30632,21945,441
1489,INTERNATIONAL BUSINESS MACHS,187.57009015170726,3392060,192.48981581421262,3101868,181.270004403267,3208981,189.82993152252232,2643935,-290192,107113,-565046
1490,INTERNATIONAL FLAVORS&FRAGRA,85.97968604158855,1650983,95.6698328392672,1638782,104.27970986955788,1784163,95.88005665291232,1760898,-12201,145381,-23265
1491,INTERNATIONAL GAME TECHNOLOG,18.160314960198168,2917956,14.060096612365667,2128506,15.909996323320179,2213954,16.869762958202536,647312,-789450,85448,-1566642
1492,INTERNATIONAL RECTIFIER CORP,26.067822476176964,281765,27.400372472879127,334521,27.899027976148247,324169,39.24229347408542,200447,52756,-10352,-123722
1493,INTERNATIONAL SPEEDWAY CORP,35.449675139632966,35092,33.999396597739555,43089,33.28959379278868,35056,31.630102749236325,36010,7997,-8033,954
1494,INTERNATIONAL TOWER HILL MIN,0.41047047569353856,287475,0.7542286973640053,289037,0.7207395414425236,287205,0.452638359360039,287205,1562,-1832,0
1495,INTEROIL CORP,51.48956435628595,661435,64.76028835686306,583305,63.94100948556394,259974,54.26107371861045,339046,-78130,-323331,79072
1496,INTERPUBLIC GROUP COS INC,17.70008318908416,2678236,17.139852925674678,2267289,19.509846013119525,2354811,18.319887763551762,2160439,-410947,87522,-194372
1497,INTERSECTIONS INC,7.794182878144604,15781,5.899705014749262,13899,4.9430100023261225,17196,3.8222646918299086,18837,-1882,3297,1641
1498,INTERSIL CORP,11.471057406850731,4557470,12.920050115281501,4646886,14.949982659105132,4645089,14.209958489831529,4505643,89416,-1797,-139446
1499,INTERVAL LEISURE GROUP INC,30.91622432494807,108325,26.137055275825816,144584,21.950394043417297,62049,19.05960416428326,43705,36259,-82535,-18344
1500,INTERXION HOLDING N.V,23.609665871412524,1641404,23.98007359184828,2208125,27.380164521011878,1441518,27.690308646326674,1376041,566721,-766607,-65477
1501,INTEVAC INC,7.430265834568837,116012,9.700166755675689,91751,8.017267961763798,32430,6.676271578893205,77738,-24261,-59321,45308
1502,INTL FCSTONE INC,18.478823268534263,13529,18.845514292501388,12629,19.957043135851084,11174,17.312593373758677,11379,-900,-1455,205
1503,INTL PAPER CO,49.02983140932706,4098566,45.88010976803897,2688943,50.47034348942396,2635627,47.739587760305994,1129440,-1409623,-53316,-1506187
1504,INTRALINKS HLDGS INC,12.101853518085296,22228,10.233629483382689,30390,8.899601372021879,32361,8.11886442027063,18845,8162,1971,-13516
1505,INTREPID POTASH INC,15.840364015546493,105490,15.461817459134496,100635,16.76006625451414,636334,15.45208807291952,200879,-4855,535699,-435455
1506,INTUIT,76.31983845609705,1429209,77.72983240288632,1028717,80.52983046215796,1163693,87.64967666094147,1147557,-400492,134976,-16136
1507,INTUITIVE SURGICAL INC,384.0802139640911,177226,437.987275529042,131086,411.79885360004687,683880,461.8189052516644,216141,-46140,552794,-467739
1508,INVACARE CORP,23.21183838453932,57643,19.059358998672487,10546,18.370713026333245,52747,11.808118081180814,35230,-47097,42201,-17517
1509,INVENSENSE INC,20.77956941138572,558770,23.67061119190321,867109,22.68979180732493,722792,19.729988515526504,712266,308339,-144317,-10526
1510,INVENTURE FOODS INC,13.24729420601591,29289,13.974540311173975,35350,11.269349845201239,24225,12.995692856081984,13466,6061,-11125,-10759
1511,INVESCO LTD,36.40003016642749,9255322,37.000083146254255,8779710,37.750052855586034,7837393,39.48010112621862,7221866,-475612,-942317,-615527
1512,INVESCO MORTGAGE CAPITAL INC,14.681421945948571,329464,16.47380973412243,113210,17.3591136678385,187740,15.719932827653876,423984,-216254,74530,236244
1513,INVESCO MUN OPPORTUNITY TR,11.709835099629036,240994,12.201487395554516,239479,12.601554443242698,238542,12.53179949120814,250004,-1515,-937,11462
1514,INVESCO MUNI INCOME OPP TRST,6.198554701085906,129385,6.602240522526906,127381,6.960138104205901,127440,6.790651667046106,127381,-2004,59,-59
1515,INVESCO QUALITY MUNI INC TRS,11.119591154563285,103511,11.806477686045842,103926,12.276441566450815,103776,12.122964073749538,110699,415,-150,6923
1516,INVESCO VALUE MUN INCOME TR,13.500303169044585,242439,14.39836581442566,241833,14.989665150888795,241900,15.180210728286221,241828,-606,67,-72
1517,INVESTMENT TECHNOLOGY GRP NE,20.560784610873725,303539,20.19808410456243,184770,16.881434512851982,220005,15.753444553103726,103279,-118769,35235,-116726
1518,INVESTORS REAL ESTATE TR,8.586237042587735,96084,8.97841316969506,98347,9.219681133193973,64102,7.696416696645628,91731,2263,-34245,27629
1519,ION GEOPHYSICAL CORP,3.300343364976772,247550,4.209647052584127,301688,4.2188761182213685,387781,2.7917938659622594,379326,54138,86093,-8455
1520,IPG PHOTONICS CORP,77.60980169369147,357326,71.07817067100073,470074,68.79924597267801,521997,68.77862031365767,500737,112748,51923,-21260
1521,IRELAND BK,14.814814814814815,135,19.38443326427937,13516,13.902970698570414,78904,15.827628855879798,163322,13381,65388,84418
1522,IRIDIUM COMMUNICATIONS INC,6.24751724386985,27691,7.517940539924822,35116,8.450704225352112,26980,8.855331841909024,32184,7425,-8136,5204
1523,IROBOT CORP,34.765652698007514,141030,41.04955202047907,131256,40.948962441366135,728248,30.450132391879965,593692,-9774,596992,-134556
1524,IRON MTN INC,30.35075377073977,1060402,27.569784483478212,1976693,35.44980340607758,1891971,32.649729517984255,1005797,916291,-84722,-886174
1525,IRONWOOD PHARMACEUTICALS INC,11.614199013229706,137418,12.319931585060774,610393,15.330155299618205,600581,12.953871768339647,385599,472975,-9812,-214982
1526,IRSA INVERSIONES Y REP S A,12.142857142857142,14000,10.591808014221167,13501,16.378857119747643,24727,13.759746487095025,23983,-499,11226,-744
1527,ISHARES GOLD TRUST,11.680070818113592,2968732,12.440306684590446,1319662,12.880102084385527,1229571,11.699882080939698,1401809,-1649070,-90091,172238
1528,ISHARES INC,33.15325593173296,42989292,31.570301756964145,50213489,33.08915061265058,54244215,32.47325164870889,53287303,7224197,4030726,-956912
1529,ISHARES SILVER TRUST,18.709518079602976,1202543,19.040673835100165,1134046,20.249933674262873,437236,16.35032980814739,838821,-68497,-696810,401585
1530,ISHARES TR,80.5358945642286,153997830,83.74563210502703,193486509,86.27504009477926,218267195,81.46107135005822,205465859,39488679,24780686,-12801336
1531,ISIS PHARMACEUTICALS INC,39.84098954943073,588389,43.20960292201172,563995,34.45114334941242,776578,38.830098994596206,776305,-24394,212583,-273
1532,ISLE OF CAPRI CASINOS INC,8.959969169998555,20759,7.688564476885644,10275,8.581179912237932,10255,7.506931115376411,23445,-10484,-20,13190
1533,ISTAR FINL INC,14.269631034170894,1603265,14.75948137613554,1035741,14.979590340138259,1172729,13.499644813595445,1171216,-567524,136988,-1513
1534,ITAU UNIBANCO HLDG SA,13.570079807128662,5474323,14.860018492732037,5711433,14.380075416117895,6398367,13.880087188810256,3511001,237110,686934,-2887366
1535,ITC HLDGS CORP,95.82035851589396,109507,37.35277710119193,254546,36.475611176670206,197447,35.629130049730904,102753,145039,-57099,-94694
1536,ITRON INC,41.4257840728429,55352,35.535926087770775,64076,40.542588663231285,52784,39.30695629687097,54138,8724,-11292,1354
1537,ITT CORP NEW,43.42315700534114,132556,42.76112167144164,182549,48.09985994162074,3624917,44.93998578348429,4064287,49993,3442368,439370
1538,ITT EDUCATIONAL SERVICES INC,33.56951227901218,43611,28.675665815395842,27410,16.686758454412793,31522,4.2902610514775406,178777,-16201,4112,147255
1539,IXYS CORP,12.960889946127475,57172,11.343804537521816,66468,12.319190402116966,55929,10.48429221699873,26802,9296,-10539,-29127
1540,J & J SNACK FOODS CORP,88.5942267073457,51132,95.96029229284431,14506,94.10959756173416,16077,93.54182087342708,10808,-36626,1571,-5269
1541,J2 GLOBAL INC,50.00876321785359,154053,50.0489682888116,59222,50.8580955182897,50985,49.352938447979966,21559,-94831,-8237,-29426
1542,JA SOLAR HOLDINGS CO LTD,9.201647533082113,11411,10.170059974747474,101376,10.86867023466447,36435,9.213461351954225,10311,89965,-64941,-26124
1543,JABIL CIRCUIT INC,17.44021070859496,962087,17.999696847210995,554176,20.89978072361208,802640,20.169506807321245,332730,-407911,248464,-469910
1544,JACK IN THE BOX INC,50.01936974207156,418178,58.94046000893676,1067501,59.8398490976561,1312637,68.18969090898766,1408776,649323,245136,96139
1545,JACOBS ENGR GROUP INC DEL,62.98973872784346,597002,63.499322128730974,371752,53.2794707810956,413893,48.822198315836324,269570,-225250,42141,-144323
1546,JANUS CAP GROUP INC,12.370801260235908,570052,10.870132808828393,459608,12.47974016865026,316513,14.537741898357474,304105,-110444,-143095,-12408
1547,JARDEN CORP,61.3492652421815,157671,59.827871536015564,222973,59.34816686553895,213705,60.109024833434276,165100,65302,-9268,-48605
1548,JAZZ PHARMACEUTICALS PLC,126.5583029134238,232304,138.68402857801337,138848,147.00656038671752,118743,160.56810124406437,46541,-93456,-20105,-72202
1549,JDS UNIPHASE CORP,12.985107145365136,1110734,14.00026280057816,570775,12.471285806844284,509330,12.801009104111118,550191,-539959,-61445,40861
1550,JETBLUE AIRWAYS CORP,8.539578237165651,1000752,8.689603329986143,1426072,10.850116524472668,1581642,10.620225131370317,1907775,425320,155570,326133
1551,JINKOSOLAR HLDG CO LTD,29.30718672556836,9281,27.94015890816253,41911,30.175234494292155,123777,27.491187344166452,93048,32630,81866,-30729
1552,JIVE SOFTWARE INC,11.253426364315974,100325,8.004664970313826,75456,8.503168741166277,43866,5.83974649162517,44180,-24869,-31590,314
1553,JOHN BEAN TECHNOLOGIES CORP,29.33212996389892,137392,30.90228123935989,73425,30.98820383502293,59087,28.11537838275806,24684,-63967,-14338,-34403
1554,JOHNSON & JOHNSON,91.59005859901136,10449835,98.229979315603,9686045,104.61989803292705,10516336,106.59000911487516,8106529,-763790,830291,-2409807
1555,JOHNSON CTLS INC,51.30008046488177,8068116,47.320277585729386,2007596,49.92987052127648,2156725,44.00059103887008,1509207,-6060520,149129,-647518
1556,JONES LANG LASALLE INC,102.39018949682749,187391,118.49729642482448,247820,126.38640913271654,166347,126.33863163777521,198617,60429,-81473,32270
1557,JOURNAL COMMUNICATIONS INC,9.307687177874952,104967,8.856773959725464,132441,8.865129747187883,89790,8.429274230359589,98585,27474,-42651,8795
1558,JOY GLOBAL INC,58.48994532722725,383006,58.000714433435476,425512,61.581785060783034,490762,54.539640540599855,318979,42506,65250,-171783
1559,JPMORGAN CHASE & CO,57.70864969212738,30588950,59.85578863593653,24923972,57.387227607432145,24833139,59.94347450662895,23023240,-5664978,-90833,-1809899
1560,JUNIPER NETWORKS INC,22.56988733360972,11199347,25.7600023541715,8087771,24.54004696189612,11318112,22.150123409423728,1793218,-3111576,3230341,-9524894
1561,JUST ENERGY GROUP INC,7.1538880813953485,44032,8.021950402144773,47744,5.763084822130246,38174,4.66251312183883,73351,3712,-9570,35177
1562,K12 INC,21.74496911339017,100529,22.653872792784377,128499,24.071335975713296,241449,15.95972965926639,249315,27970,112950,7866
1563,KADANT INC,40.512010955360715,52577,36.4654496584164,44645,38.45159956586904,38698,39.03931189048397,33018,-7932,-5947,-5680
1564,KAISER ALUMINUM CORP,70.24012536295339,911274,71.42039168800278,951829,72.87014352478356,993905,76.22002150390556,891931,40555,42076,-101974
1565,KAMAN CORP,39.73008934226706,1348298,40.67992109354,1406222,42.729454963228136,1411813,39.299941681149654,1378628,57924,5591,-33185
1566,KANSAS CITY SOUTHERN,123.83000669351387,364532,102.05972561110418,995084,107.51006196502007,3656095,121.19989740347003,3485498,630552,2661011,-170597
1567,KAPSTONE PAPER & PACKAGING C,55.85962214233263,1357707,28.840129474188362,2764412,33.130109112195896,2207086,27.969814378687733,2448318,1406705,-557326,241232
1568,KB FINANCIAL GROUP INC,40.5068790731354,69050,35.147014246741435,65980,34.765779840044765,85774,36.21775856711021,106191,-3070,19794,20417
1569,KB HOME,18.28002228553049,1392832,16.990042153605312,808709,18.678969950274013,504364,14.939363122790132,276317,-584123,-304345,-228047
1570,KBR INC,31.88996644091544,4413708,26.680168757589712,3594505,23.850120508194962,3761155,18.829226331601518,934664,-819203,166650,-2826491
1571,KCAP FINL INC,8.06185752390086,33367,8.662905383968107,72493,8.489552652552064,57718,8.320094779073214,37139,39126,-14775,-20579
1572,KCG HLDGS INC,11.949069539666992,10210,11.89832341806382,11094,11.879269112337244,63977,10.13138222790181,119727,884,52883,55750
1573,KELLOGG CO,61.07022336008502,1324901,62.709154493255284,1062014,65.69938139411202,913829,61.60010523014034,790648,-262887,-148185,-123181
1574,KELLY SVCS INC,24.93932427527206,281002,23.7324815042997,193153,17.170628661961278,140123,15.673426016116178,11293,-87849,-53030,-128830
1575,KEMET CORP,5.647933116581514,53825,5.801532021330184,57571,5.7498956024541465,31131,4.119276757072034,27432,3746,-26440,-3699
1576,KEMPER CORP DEL,40.878838299803355,79332,39.163171458891306,79156,36.85688169234788,122528,34.13518822658036,62106,-176,43372,-60422
1577,KENNAMETAL INC,52.0700880585439,2653462,44.29973296761784,2619158,46.28026568026146,2563382,41.30996496029758,2488891,-34304,-55776,-74491
1578,KENNEDY-WILSON HLDGS INC,22.25005910620961,2296713,22.510134000498105,2995362,26.819846980589773,2858853,23.959986495478567,2751671,698649,-136509,-107182
1579,KERYX BIOPHARMACEUTICALS INC,12.95066547856466,565608,17.039133404898994,51235,15.37944313701519,163595,13.751839610123286,165796,-514373,112360,2201
1580,KEY ENERGY SVCS INC,7.902313875584742,286878,9.239058816639089,204891,9.140902625482257,420418,4.840812937905934,476986,-81987,215527,56568
1581,KEY TRONICS CORP,11.03702000459876,21745,10.399288177065957,17982,10.486778846153843,33280,10.568306986990564,33591,-3763,15298,311
1582,KEYCORP NEW,13.419978943878887,4168859,14.321545423171546,17101646,14.33002537514417,19232206,13.330065720405187,4011083,12932787,2130560,-15221123
1583,KEYW HLDG CORP,13.434806243690302,38631,18.69801763491964,15991,12.571370482693188,59023,11.0803324099723,20216,-22640,43032,-38807
1584,KFORCE INC,20.46281363687507,133315,21.306252489048187,15066,21.636196238326978,15206,19.602252477011906,14029,-118249,140,-1177
1585,KILROY RLTY CORP,50.18049644508968,281723,58.5784870639917,224451,62.27849709840024,283292,59.44014390199194,496449,-57272,58841,213157
1586,KIMBALL INTL INC,15.030557568633268,175243,18.110415612800086,258967,16.719738425945685,234274,15.048149593408413,222951,83724,-24693,-11323
1587,KIMBERLY CLARK CORP,104.46007612306057,1915057,110.249387125087,1718132,111.22015030023327,1879039,107.569835145286,2026451,-196925,160907,147412
1588,KIMCO RLTY CORP,19.74998489638923,5958840,21.880036304664355,5142039,22.979887066711782,4722434,21.90988060522905,4222798,-816801,-419605,-499636
1589,KINDER MORGAN ENERGY PARTNER,80.66006199950344,1284849,73.95047204415526,1124577,82.21036840019259,1221172,93.27983385285697,2124382,-160272,96595,903210
1590,KINDER MORGAN INC DEL,33.88062524050271,6837241,29.00644995331644,4198480,33.051061765473946,4357742,30.103410931986886,4408238,-2638761,159262,50496
1591,KINDER MORGAN MANAGEMENT LLC,75.66016310519252,1453050,71.67094350234589,483613,78.92988313335042,2561552,94.14977099587836,2477903,-969437,2077939,-83649
1592,KINDRED HEALTHCARE INC,19.737409572812407,266651,23.42162083441503,157931,23.101327797579412,127655,19.402943079823306,177705,-108720,-30276,50050
1593,KINROSS GOLD CORP,4.38019650872944,1583034,4.140254672988412,3560409,4.13995583843643,3276605,3.3001614400137265,2564420,1977375,-283804,-712185
1594,KIRBY CORP,99.25087416456422,180744,101.24997788432616,226084,117.13983199232058,242727,117.84928424235468,400834,45340,16643,158107
1595,KITE RLTY GROUP TR,6.569846941609295,378091,5.999112238996023,223033,6.13981371063912,558486,24.239554650473252,217537,-155058,335453,-340949
1596,KKR & CO L P DEL,24.339630037168973,1760339,22.84019526059417,2296828,24.32974682564907,3360372,22.299833130201502,2276026,536489,1063544,-1084346
1597,KLA-TENCOR CORP,64.45939488041329,562897,69.13925765154173,490228,72.64001870695273,564496,78.77974563076808,479146,-72669,74268,-85350
1598,KNIGHT TRANSN INC,18.34036121712365,289798,23.131226171442627,203275,23.76986132782454,227515,27.394938996836878,35408,-86523,24240,-192107
1599,KNOLL INC,18.30596612869223,85382,18.18800413943664,70541,17.330340822323514,86438,17.306669674653946,62057,-14841,15897,-24381
1600,KNOT OFFSHORE PARTNERS LP,28.10005341653251,1082062,28.60027781896375,1207261,28.300018353741933,1928762,24.9698379977995,1976825,125199,721501,48063
1601,KODIAK OIL & GAS CORP,11.210544066848314,1016989,12.140870294162474,419904,14.550002405118091,1039450,13.570056093126652,1160570,-597085,619546,121120
1602,KOHLS CORP,56.74998995836067,746890,56.799669338018866,1156468,52.68009477329797,1411368,61.02967429682231,604968,409578,254900,-806400
1603,KONINKLIJKE PHILIPS N V,36.969172461129844,167545,35.161822708327506,178745,31.76110103634307,175907,31.707186800487506,205947,11200,-2838,30040
1604,KOPIN CORP,4.221964597788658,173379,3.7771740989865954,146141,3.2627065598397595,127808,3.3989755535219803,84143,-27238,-18333,-43665
1605,KOPPERS HOLDINGS INC,45.7491342792173,240551,41.22326263445485,122067,38.25885328836425,28464,33.13949853060713,15993,-118484,-93603,-12471
1606,KOREA ELECTRIC PWR,16.613201888219493,38343,17.1771359107846,37841,18.40234211626934,45429,22.43892098150405,94345,-502,7588,48916
1607,KORN FERRY INTL,26.122834064285,292541,29.76974406251372,182232,29.3662715800641,224339,24.901269811393103,286893,-110309,42107,62554
1608,KOSMOS ENERGY LTD,11.176351488155497,49390,10.997011265231054,130490,11.229855327857203,703660,9.958796005307633,214785,81100,573170,-488875
1609,KRAFT FOODS GROUP INC,53.910360217377395,3345702,56.10007798602272,2126022,59.94986759252366,2444726,56.40038631273405,1885519,-1219680,318704,-559207
1610,KRATON PERFORMANCE POLYMERS,23.053626442483424,76604,26.173660157872877,14442,22.388059701492534,12462,17.828716969118112,18846,-62162,-1980,6384
1611,KRATOS DEFENSE & SEC SOLUTIO,7.675739181515566,25535,7.544446631240568,30486,7.791771620486987,29775,6.562466923049782,28343,4951,-711,-1432
1612,KRISPY KREME DOUGHNUTS INC,19.294101218391074,85933,17.731272711352393,91364,15.979401706041903,50878,17.13807997770656,21531,5431,-40486,-29347
1613,KROGER CO,39.529432975750474,2085484,43.64998938329814,12838262,49.42994040745555,10090524,52.00009359529898,6325104,10752778,-2747738,-3765420
1614,KRONOS WORLDWIDE INC,19.04644875890882,32552,16.701348539307624,37003,15.67412299549906,88426,13.81573266557292,11581,4451,51423,-76845
1615,KULICKE & SOFFA INDS INC,13.300182357808248,242929,12.610870237236545,252322,14.260104578618655,295089,14.23077193500531,284454,9393,42767,-10635
1616,KYOCERA CORP,50.13882741137177,49702,45.25578515594768,51684,47.57986085135035,53468,46.694674615167465,60221,1982,1784,6753
1617,L BRANDS INC,61.850027579771435,10302841,56.76995727768628,10958208,58.65990717862749,9924223,66.97992667711486,5388495,655367,-1033985,-4535728
1618,L-3 COMMUNICATIONS HLDGS INC,106.85835317051227,640212,118.1500632867922,1019170,120.7495493883186,625816,118.91976164079823,404096,378958,-393354,-221720
1619,LA Z BOY INC,31.002092079583267,142442,27.08721537972095,22003,23.160337364451784,22409,19.78944035462677,25266,-120439,406,2857
1620,LABORATORY CORP AMER HLDGS,91.36988820032741,1234619,98.20999291747627,1661837,102.39984702170379,1746653,101.75027690200524,1717214,427218,84816,-29439
1621,LACLEDE GROUP INC,45.5397723011385,66667,47.149592798971284,27996,48.56311385958529,32988,46.390374331550795,22440,-38671,4992,-10548
1622,LADENBURG THALMAN FIN SVCS I,3.1291312415859123,82451,3.0253610342953032,84618,3.1502130359894838,44124,4.235740889505586,41079,2167,-40494,-3045
1623,LAKE SHORE GOLD CORP,0.4731627975750407,33815,0.6505988466656809,33815,0.9138592186650604,340315,1.0106159999093618,441315,0,306500,101000
1624,LAKELAND BANCORP INC,12.374376153688386,43881,11.239311452148913,26781,10.805341966815057,24710,9.769918421181185,20471,-17100,-2071,-4239
1625,LAKELAND FINL CORP,39.00051047172764,425097,40.21974898477926,429217,38.15972587680829,427545,37.49869348883449,411401,4120,-1672,-16144
1626,LAM RESEARCH CORP,54.449922080855686,4161365,55.000318935691844,1771517,67.58022298870316,1478909,74.69981159135006,1066830,-2389848,-292608,-412079
1627,LAMAR ADVERTISING CO,52.25005148592428,4073929,51.00007116001193,5494659,53.00012682995428,6015929,49.24998524220686,6115413,1420730,521270,99484
1628,LANCASTER COLONY CORP,88.14490021718642,97612,99.42016687880071,63639,95.17742416438506,36889,85.29623303065719,44492,-33973,-26750,7603
1629,LANDEC CORP,12.126894346930618,65062,11.154328329422354,31109,12.495865338674705,27209,12.257226144066308,28473,-33953,-3900,1264
1630,LANDSTAR SYS INC,57.44957966610096,126685,59.2234923137564,60888,63.99459581175411,88820,72.20020114772525,84515,-65797,27932,-4305
1631,LANNET INC,33.08746599707052,38232,35.721645943532316,29114,49.6257233077404,62387,45.68722192986653,20903,-9118,33273,-41484
1632,LAS VEGAS SANDS CORP,78.87016638829574,1182475,80.77972922031618,1321074,76.220391341899,1425301,62.21009516229135,1625749,138599,104227,200448
1633,LASALLE HOTEL PPTYS,30.859541910303435,2440963,31.309700406205373,360655,35.28883512938934,436512,34.2374592684382,435780,-2080308,75857,-732
1634,LATAM AIRLS GROUP S A,16.309576334111725,929270,15.04892090291408,944586,13.420347912219881,1140805,11.36971286145472,1125798,15316,196219,-15007
1635,LATTICE SEMICONDUCTOR CORP,5.488934460597837,131173,7.8399423022985575,149746,8.249701337463371,256979,7.500232926488401,128796,18573,107233,-128183
1636,LAUDER ESTEE COS INC,75.31988020880421,2444587,66.88012089170611,2774053,74.26034784345309,2593753,74.72012166628814,2681433,329466,-180300,87680
1637,LAWSON PRODS INC,12.251629623812141,12733,16.105189449933867,12853,16.286942995699516,10929,22.284573463551503,18533,120,-1924,7604
1638,LAYNE CHRISTENSEN CO,17.083333333333332,48000,18.199960087806822,25055,13.2973834181016,32638,9.70717234262126,31008,-22945,7583,-1630
1639,LAZARD LTD,45.32004451977807,2900284,47.09068080135413,503348,51.560651257353314,120014,50.69640656700813,80341,-2396936,-383334,-39673
1640,LEAPFROG ENTERPRISES INC,7.940263292648937,154277,7.497180264059978,45217,7.358503541709648,43623,5.99654744238166,33019,-109060,-1594,-10604
1641,LEAR CORP,80.97240055778762,289716,83.72,100000,89.31878528237053,224085,86.40522284087538,198819,-189716,124085,-25266
1642,LEE ENTERPRISES INC,3.4772004416538946,121362,4.466460330188326,133439,4.449197860962566,233750,3.3799196787148595,155625,12077,100311,-78125
1643,LEGG MASON INC,43.47946418687035,1409148,49.03949354213382,1514045,51.31119288276118,858760,51.160001191272094,973749,104897,-655285,114989
1644,LEGGETT & PLATT INC,30.939356194672566,1499708,32.63993420216197,637103,34.28025824680708,668198,34.92003182104226,589547,-862605,31095,-78651
1645,LEHIGH GAS PARTNERS LP,28.6,1015000,26.95035460992908,1043400,26.86985973678815,1053448,33.97035259452769,1053448,28400,10048,0
1646,LEIDOS HLDGS INC,46.489779772807395,465156,35.37147157067871,217944,38.34172398307688,211545,34.32621382231833,135028,-247212,-6399,-76517
1647,LENNAR CORP,39.55987404819609,2013151,39.620498371048704,1135700,41.98010523669707,1754331,38.829803692129396,1422052,-877451,618631,-332279
1648,LENNOX INTL INC,85.05820514343411,134696,90.91477782179871,95914,89.5673271330368,143434,76.86544239400001,133467,-38782,47520,-9967
1649,LEUCADIA NATL CORP,28.339630279314534,1185760,27.999128957392283,858741,26.22006634508918,886878,23.839471850790872,744941,-327019,28137,-141937
1650,LEVEL 3 COMMUNICATIONS INC,33.17203257732733,159743,39.14466201200413,171441,43.911484732352584,323560,45.73106651549285,337801,11698,152119,14241
1651,LEXICON PHARMACEUTICALS INC,1.8001841200973463,219422,1.7265385686438317,71820,1.6054964643662422,84709,1.4093365635482669,85856,-147602,12889,1147
1652,LEXINGTON REALTY TRUST,10.20947170971324,797005,10.909712485303187,432917,11.010136315973435,160216,9.786875412848216,131707,-364088,-272701,-28509
1653,LEXMARK INTL NEW,35.52007106911052,621367,46.29116782412339,422478,48.15899482770837,423410,42.499676501035204,370944,-198889,932,-52466
1654,LG DISPLAY CO LTD,12.141058712677056,64739,12.505552328561178,58534,15.774234543477409,76327,15.748198614073624,94233,-6205,17793,17906
1655,LGI HOMES INC,17.783448319314495,63486,17.260204938686375,47624,18.263165615373328,27268,18.361035948975648,10348,-15862,-20356,-16920
1656,LHC GROUP INC,24.055987344384068,58156,22.09471610858953,11677,21.401861723287453,12569,23.168235775685634,12215,-46479,892,-354
1657,LIBBEY INC,20.98802098802099,40404,25.99185797220148,41513,26.64901577069184,17374,26.23392783077561,9644,1109,-24139,-7730
1658,LIBERTY GLOBAL PLC,86.24857296827051,5388808,40.73478268481425,13537227,42.430490741249095,12750100,41.14118218541207,12518527,8148419,-787127,-231573
1659,LIBERTY INTERACTIVE CORP,122.59000964842492,236308,130.32880742299886,448013,73.79899793692897,746460,37.959416793990506,344921,211705,298447,-401539
1660,LIBERTY INTERACTIVE CORPORAT,29.349939473408085,8520222,28.870062597753762,8770123,29.360026989913912,6120805,28.519898508499107,5846795,249901,-2649318,-274010
1661,LIBERTY MEDIA CORP DELAWARE,146.29200670200157,1541629,130.72999922892652,1543303,136.67959414872942,1813965,47.0768725535834,5535903,1674,270662,3721938
1662,LIBERTY PPTY TR,33.870215275944965,3701807,36.96011284760309,3646688,37.92990895793567,3851077,33.26006699007598,3855795,-55119,204389,4718
1663,LIFE TIME FITNESS INC,46.9932020219627,86055,48.09703555886807,83186,48.74176633566636,131017,50.44736564372574,85277,-2869,47831,-45740
1664,LIFELOCK INC,16.409917368862992,1960278,17.109733085408124,1451513,13.96027892591531,1573321,14.289904139888598,1599101,-508765,121808,25780
1665,LIFEPOINT HOSPITALS INC,52.84006406589635,69928,54.54492021042113,68054,62.10077655164361,85635,69.19256421172129,105705,-1874,17581,20070
1666,LIFEVANTAGE CORP,1.650913444966528,55121,1.3110737885726045,208989,1.437110966126501,113422,1.1397607153789542,153541,153868,-95567,40119
1667,LIGAND PHARMACEUTICALS INC,52.601342628453395,154920,67.274575790295,126883,62.28827450551852,201322,46.991913019619886,215037,-28037,74439,13715
1668,LILLY ELI & CO,50.99986265602935,6895097,58.86006098131278,7216965,62.170157775530996,5831576,64.84997406163218,4932847,321868,-1385389,-898729
1669,LIMELIGHT NETWORKS INC,1.9800197504000157,30724441,2.1800233891968936,30724441,3.0599994920246236,30788894,2.334997807975824,30788894,0,64453,0
1670,LIN MEDIA LLC,28.71046566276865,576619,26.49991159479384,554266,27.25352222066887,128754,22.200202485836762,464230,-22353,-425512,335476
1671,LINCOLN ELEC HLDGS INC,71.33832976445396,186800,72.01114153928712,234797,69.87802921427327,292939,69.13211936993986,213186,47997,58142,-79753
1672,LINCOLN NATL CORP IND,50.698491193136064,8742272,50.670099379957364,7566415,51.440026585649434,7363371,53.579967546296174,6888582,-1175857,-203044,-474789
1673,LINDSAY CORP,82.75017494751576,34296,88.18454272999728,44044,84.54619787408015,6115,74.76082453890916,10139,9748,-37929,4024
1674,LINEAR TECHNOLOGY CORP,45.55027638726678,3142330,48.68995018903516,2985688,47.06941574591829,1449455,44.39068025952752,529886,-156642,-1536233,-919569
1675,LINKEDIN CORP,216.8320539224864,640920,184.9400451549599,1469606,171.47015450573338,1608484,207.78988690307244,1997667,828686,138878,389183
1676,LINN ENERGY LLC,30.78954119141321,319654,28.319854039520287,749792,32.349859011217056,580188,30.138907422088607,382197,430138,-169604,-197991
1677,LINNCO LLC,30.810132494347886,779354,27.050187331184112,2295400,31.290374844732103,2166417,28.950039915869628,2084384,1516046,-128983,-82033
1678,LIONBRIDGE TECHNOLOGIES INC,5.947845749256519,40687,6.715206375756383,81308,5.937573339591645,42610,4.490529065969954,36744,40621,-38698,-5866
1679,LIONS GATE ENTMNT CORP,31.65617499207463,88324,26.724586873960046,78729,28.571081054782525,82216,32.970040030022524,383712,-9595,3487,301496
1680,LIQUIDITY SERVICES INC,22.66111765979456,83138,26.049556373079422,36968,15.76775714706749,13572,13.73984104889767,22271,-46170,-23396,8699
1681,LITHIA MTRS INC,69.42297699932254,152039,66.45892750255273,113604,94.07181623702525,195861,75.69020069595649,304042,-38435,82257,108181
1682,LITTELFUSE INC,92.93099419759336,410864,93.63917186986528,380375,92.9493573484568,421068,85.18118237493634,402495,-30489,40693,-18573
1683,LIVE NATION ENTERTAINMENT IN,19.75902628246085,439799,21.750233566690287,2304481,24.69025384094693,2538046,24.020025310751077,2937882,1864682,233565,399836
1684,LIVEPERSON INC,14.821995560425973,142356,12.065989215354769,56191,10.149466756531737,75669,12.604013705335287,57204,-86165,19478,-18465
1685,LKQ CORP,32.900309654108284,569022,26.349950951106,542316,26.69004258919528,3687555,26.58998181616137,5570331,-26706,3145239,1882776
1686,LLOYDS BANKING GROUP PLC,5.319816630766064,1593288,5.089978495705429,1908456,5.139909856000176,2185836,5.040126817718232,2780684,315168,277380,594848
1687,LOCKHEED MARTIN CORP,148.66021044084502,1399063,163.23951267900162,1305505,160.72926778284608,1047681,182.78023821584415,1075915,-93558,-257824,28234
1688,LOEWS CORP,48.239220015336784,949352,44.04989126332737,736642,44.0095063976384,813347,41.65986503509641,649354,-212710,76705,-163993
1689,LOGITECH INTL S A,13.690024183981237,2951127,14.890957290433743,391177,13.029760022486913,711525,12.819846793131273,3041378,-2559950,320348,2329853
1690,LOGMEIN INC,33.55346113568849,46791,44.88957370313302,29205,46.61441677088007,104753,46.070526915872634,245580,-17586,75548,140827
1691,LORAL SPACE & COMMUNICATNS I,80.96431035108739,27543,70.70503790165694,14907,72.6668081794382,14133,71.80372688682637,13899,-12636,-774,-234
1692,LORILLARD INC,50.6796937709842,1737915,54.08026037723055,1327305,60.96926832666193,1234622,59.909594019622276,1039533,-410610,-92683,-195089
1693,LOUISIANA PAC CORP,18.509964976328494,5945122,16.869961770218808,7319163,15.020033178435956,6597056,13.59055766400307,177329,1374041,-722107,-6419727
1694,LOWES COS INC,49.549940847004706,5801904,48.90000355385147,5036789,47.990112410073756,4945998,52.919915850546076,3960097,-765115,-90791,-985901
1695,LPL FINL HLDGS INC,47.04675257584021,278744,52.54012186096496,493185,49.739880725796226,149739,46.04900561962698,194141,214441,-343446,44402
1696,LSB INDS INC,41.023865677131795,46217,37.39227133722547,7194,41.624593290698975,8913,35.702614379084956,12240,-39023,1719,3327
1697,LSI INDS INC,8.67079692008917,146238,8.190829465688145,112687,7.977082415160863,113450,6.065386975195023,114090,-33551,763,640
1698,LTC PPTYS INC,35.38708008611051,119846,37.62458905181861,76652,39.04108361851181,111626,36.896560001920435,83314,-43194,34974,-28312
1699,LULULEMON ATHLETICA INC,59.029928399772075,322904,52.58941515094019,806379,40.483115082653974,132722,42.007483933447546,326299,483475,-673657,193577
1700,LUMBER LIQUIDATORS HLDGS INC,102.89215558282636,114897,93.80236979070541,270910,75.9495008634228,473117,57.38021300546434,1487098,156013,202207,1013981
1701,LUMINEX CORP DEL,19.397742615932387,208117,18.11082002866888,101155,17.156958752790946,102116,19.505819989495926,81873,-106962,961,-20243
1702,LUMOS NETWORKS CORP,21.000156396621836,255760,13.368075750878253,214915,14.473514530407277,131827,16.2447233249059,87413,-40845,-83088,-44414
1703,LUXOTTICA GROUP S P A,53.93878575012544,19930,57.66334888162486,27227,57.95454545454545,31680,52.05794746818305,14772,7297,4453,-16908
1704,LYDALL INC DEL,17.616471453332633,95195,22.87183651373664,44334,27.378403181401037,13076,27.048591717864838,12533,-50861,-31258,-543
1705,LYON WILLIAM HOMES,22.14034286761091,1397449,27.61013121796677,1252801,30.440157327883806,1513527,22.099556124371947,1475188,-144648,260726,-38339
1706,LYONDELLBASELL INDUSTRIES N,80.27984367745756,3373026,88.93987519676186,3699904,97.64979391314137,3100877,108.6596155062663,2545113,326878,-599027,-555764
1707,M & T BK CORP,116.41989267807112,3090142,121.29992178746296,3262904,124.05018015451842,2622471,123.28988011949465,2462035,172762,-640433,-160436
1708,M D C HLDGS INC,32.24164074865245,180698,28.26907605668668,80795,30.28963741686333,233050,25.32741867342628,94680,-99903,152255,-138370
1709,M/I HOMES INC,25.450461991017825,1385633,22.419911826440266,1423556,24.27049293586482,1425723,19.82028283900061,1447608,37923,2167,21885
1710,MACERICH CO,58.89026235989249,1485288,62.329835543605206,1183414,66.7507016212792,1086056,63.83041512920762,982682,-301874,-97358,-103374
1711,MACK CALI RLTY CORP,21.48023153789674,3101177,20.79000103268937,3156806,21.480130534070693,3331544,19.110010138782442,2069282,55629,174738,-1262262
1712,MACQUARIE INFRASTR CO LLC,54.42984854843132,660079,57.26947813152806,425567,62.36989808589323,442922,66.70066953600714,478391,-234512,17355,35469
1713,MACYS INC,53.400051364886686,3551064,59.28991521738075,5766748,58.02038152935658,1914086,58.17956439432218,1781244,2215684,-3852662,-132842
1714,MADDEN STEVEN LTD,36.58984929377577,739850,35.9804185270859,929450,34.29945792147386,1056489,32.23006994208726,931056,189600,127039,-125433
1715,MADISON SQUARE GARDEN CO,57.57586363795457,28571,56.7846043143439,65317,62.453623546871135,80860,66.12429433168526,82723,36746,15543,1863
1716,MAG SILVER CORP,5.159524060229547,18994,6.882352941176469,17000,9.462567963195317,19128,7.462686567164179,19028,-1994,2128,-100
1717,MAGELLAN MIDSTREAM PRTNRS LP,63.27003550233359,9354033,69.73995450374194,9932685,84.03994300874051,10421949,84.1799885028273,10597388,578652,489264,175439
1718,MAGICJACK VOCALTEC LTD,11.921397379912666,68700,21.235909822866347,79488,15.123885938319164,87742,9.849621012524826,49342,10788,8254,-38400
1719,MAGNA INTL INC,82.0603809632193,579951,96.30989049096908,513291,107.75080505325737,403700,94.90824116453341,455324,-66660,-109591,51624
1720,MAGNACHIP SEMICONDUCTOR CORP,19.493780555727454,48477,13.927112000667169,35973,14.1088612670409,39904,11.705336080504049,33489,-12504,3931,-6415
1721,MAGNETEK INC,24.00073006022997,10958,18.981565979193284,10958,23.726957473991604,10958,31.30133235991969,10958,0,0,0
1722,MAGNUM HUNTER RES CORP DEL,7.310453837149483,536492,8.499144829147781,494638,8.200922603792927,546280,5.567153792623521,158070,-41854,51642,-388210
1723,MAIDEN HOLDINGS LTD,10.930036088236212,2945004,12.479931553704336,3160434,12.089975273073568,3981894,11.080065792605536,3844201,215430,821460,-137693
1724,MAIN STREET CAPITAL CORP,32.69873277583378,50583,32.86330840444108,60706,32.93484087310986,80219,30.63776678459456,198709,10123,19513,118490
1725,MAINSOURCE FINANCIAL GP INC,18.018377946464238,25030,17.098031847432946,21289,17.245673017058895,16062,17.23470178156468,10328,-3741,-5227,-5734
1726,MALLINCKRODT PUB LTD CO,52.25969247918221,1241607,63.40858387764471,372489,80.02014665357049,1592324,90.14977013490382,2096012,-869118,1219835,503688
1727,MAM SOFTWARE GROUP INC,5.018820577164366,10361,5.5660471126130595,10061,5.367259715734022,10061,5.367259715734022,10061,-300,0,0
1728,MANAGED DURATION INVT GRD FU,12.41765012559837,21099,12.89160623726243,21099,13.792122849424144,21099,13.36556234892649,21099,0,0,0
1729,MANHATTAN ASSOCS INC,117.47994830882273,93633,35.030710600068105,610864,34.43043226982409,337405,33.422179097678075,338039,517231,-273459,634
1730,MANITOWOC INC,23.32349785407725,149120,31.45042668832778,318851,32.86007976782697,600242,23.453625785378907,176348,169731,281391,-423894
1731,MANNKIND CORP,5.205143906919781,150236,4.020730929806882,291738,10.960198417385143,211675,5.911695702312101,226331,141502,-80063,14656
1732,MANPOWERGROUP INC,85.8589473203341,656705,78.83072879966495,503801,84.84939778207286,471341,70.09969742228029,593897,-152904,-32460,122556
1733,MANTECH INTL CORP,29.93324579542864,127183,29.40977112344573,132779,29.51786571565736,145810,26.946918418240113,140350,5596,13031,-5460
1734,MANULIFE FINL CORP,19.730423090365427,1648064,19.310024753732673,2460639,19.86998630290482,1195874,19.250451460284648,1405993,812575,-1264765,210119
1735,MARATHON OIL CORP,35.29982758159801,2394176,35.52002509651115,4845295,39.9201690401372,4478463,37.59052129208203,1573801,2451119,-366832,-2904662
1736,MARATHON PETE CORP,91.72987327073321,1624171,87.04034527430154,2586697,78.07007448525417,1868155,84.66980709641597,3629015,962526,-718542,1760860
1737,MARCHEX INC,8.649471855048128,153651,10.511474780580345,135471,12.025141321105268,126485,4.153218539574357,122074,-18180,-8986,-4411
1738,MARIN SOFTWARE INC,10.249215257300486,42052,10.569594112567117,53266,11.778261426193831,46866,8.598909955093749,133389,11214,-6400,86523
1739,MARINEMAX INC,16.073861056455275,66070,15.208110992529347,14992,16.75531914893617,15040,16.86240279320743,25204,-51078,48,10164
1740,MARKEL CORP,580.3493224792622,19409,596.0931333859512,20272,655.6420889383365,29661,636.1607142857142,41664,863,9389,12003
1741,MARKET VECTORS ETF TR,37.06817995872047,12601401,38.05691215593527,18777535,46.67503737348547,11740944,47.60801153977153,13634932,6176134,-7036591,1893988
1742,MARKETAXESS HLDGS INC,66.9264239783477,492511,59.22085277051553,409653,54.060119130073424,360950,61.85928854547689,398873,-82858,-48703,37923
1743,MARKETO INC,37.08548126490729,12997,32.65999151039976,40049,29.07285158552399,67864,32.290484681471874,30845,27052,27815,-37019
1744,MARKWEST ENERGY PARTNERS L P,66.12995499133102,8222416,65.31987968127792,5532971,71.58011632893161,4547450,76.82017131881224,4529917,-2689445,-985521,-17533
1745,MARLIN BUSINESS SVCS CORP,25.21222952703134,62668,20.79754886031289,64623,18.189018311917085,73231,18.331606966492426,41513,1955,8608,-31718
1746,MARRIOTT INTL INC NEW,49.35103933266888,3736436,56.02031089729199,2316392,64.10010452099057,1256207,69.89994412273744,955666,-1420044,-1060185,-300541
1747,MARRIOTT VACATIONS WRLDWDE C,52.76070361459137,866156,55.90989106309157,862334,58.62992219165113,811224,63.409576409250135,879599,-3822,-51110,68375
1748,MARSH & MCLENNAN COS INC,48.35966490498145,1992032,49.30014617833758,1897682,51.81972517792831,2062207,52.340033257550395,1686835,-94350,164525,-375372
1749,MARTEN TRANS LTD,20.18660729919704,79954,21.516336477696033,53959,22.356589147286826,64500,17.808255238496372,75976,-25995,10541,11476
1750,MARTIN MARIETTA MATLS INC,99.93416069039242,141253,128.3436552905521,136602,132.05107143007587,237393,128.94443872730162,106891,-4651,100791,-130502
1751,MARVELL TECHNOLOGY GROUP LTD,14.37996026301057,1275386,15.750170700979972,831864,14.330060291870696,1757285,13.479884777091847,2275242,-443522,925421,517957
1752,MASCO CORP,22.770264375799915,2716701,22.210289161917306,2095020,22.20017046095308,2385297,23.920481988024463,1078699,-621681,290277,-1306598
1753,MASIMO CORP,29.22971912538366,215363,27.30725655169852,215364,23.596003210717157,144516,21.274650755000795,120331,1,-70848,-24185
1754,MASONITE INTL CORP NEW,60.00001968924465,1015783,56.52069267273343,718781,56.26048251838473,620080,55.37954563286465,739226,-297002,-98701,119146
1755,MASTEC INC,32.71638884631682,110923,43.439628788626706,121548,30.8233535662857,274305,30.625602239877825,110006,10625,152757,-164299
1756,MASTERCARD INC,835.4603202169513,748555,74.6998423925721,6481928,73.46999164587267,6022173,73.92008588537871,6062033,5733373,-459755,39860
1757,MATADOR RES CO,18.6380726229346,80856,24.489283697415715,111559,29.278445883441254,108100,25.846638505047608,41901,30703,-3459,-66199
1758,MATERION CORP,30.849467613934234,110634,33.931150137420225,107335,36.98853844475049,132879,30.67086815545509,109485,-3299,25544,-23394
1759,MATRIX SVC CO,24.42777970519424,112413,33.770651117589885,41160,32.780298733219894,42312,24.11825726141079,26992,-71253,1152,-15320
1760,MATSON INC,26.11239978055189,103897,24.692503200192935,53903,26.836851579119614,116109,25.03177862520778,102270,-49994,62206,-13839
1761,MATTEL INC,47.57929621916128,1278182,40.10998226670293,1228198,38.96949820964201,1407819,30.65017753840453,1824394,-49984,179621,416575
1762,MATTERSIGHT CORP,4.796402697976518,20015,6.9427225390528156,20165,5.3278295094556976,20834,5.417751102140543,37654,150,669,16820
1763,MATTHEWS INTL CORP,42.60327850027273,34833,40.80010597430123,30196,41.580942068218725,18470,43.83164005805515,6890,-4637,-11726,-11580
1764,MATTRESS FIRM HLDG CORP,43.01868239921337,12204,47.83070671349432,123289,47.7398481589735,54399,60.01846722068329,4332,111085,-68890,-50067
1765,MATTSON TECHNOLOGY INC,2.7175306363123624,19503,2.3043478260869565,23000,2.1857923497267757,27450,2.476396842594026,32305,3497,4450,4855
1766,MAVENIR SYS INC,11.15942748281036,523862,17.89942666453663,563370,15.149242008390946,566563,12.55986672875212,1286399,39508,3193,719836
1767,MAXIM INTEGRATED PRODS INC,27.900104892163228,8260865,33.119949536145825,6896025,33.81001530350689,9212921,30.24007465290898,9421736,-1364840,2316896,208815
1768,MAXIMUS INC,43.98912677889096,181363,44.85973375585327,282748,43.01038102151095,86793,40.128997757272494,183259,101385,-195955,96466
1769,MAZOR ROBOTICS LTD,19.523689304047803,35649,20.446206651674753,33796,17.575505295777255,43242,11.783863804589194,33775,-1853,9446,-9467
1770,MB FINANCIAL INC NEW,32.060329731534985,1919319,30.959870772389372,2012573,27.049958090797023,2240558,27.67974430186139,2186328,93254,227985,-54230
1771,MBIA INC,11.940031272594302,1318087,13.997061723922801,99378,11.04007117561886,1146460,9.17987494215562,1316031,-1218709,1047082,169571
1772,MBT FINL CORP,4.273504273504274,34866,4.915654883421081,37228,5.465731864358277,34945,4.7708501058532375,33537,2362,-2283,-1408
1773,MCCLATCHY CO,3.4164799235884065,27221,6.42288258970626,58385,5.5470023546458975,44168,3.358842065168462,57758,31164,-14217,13590
1774,MCCORMICK & CO INC,68.9203127599401,300550,71.74018681983453,2218394,71.59040657499642,2672914,66.90011396295398,2668411,1917844,454520,-4503
1775,MCDERMOTT INTL INC,9.157938999227467,204522,7.818127454844452,294316,8.09260734721829,151867,5.721747517054168,184559,89794,-142449,32692
1776,MCDONALDS CORP,97.02968618294209,4128520,98.03005318081058,4333518,100.73975591553508,3801389,94.80990163913826,2864859,204998,-532129,-936530
1777,MCEWEN MNG INC,1.9569471624266144,71029,2.3715597160711432,607617,2.8799901957780567,750697,1.9581976336727542,388112,536588,143080,-362585
1778,MCG CAPITAL CORP,4.401370743199829,93380,3.7922297297297294,118400,3.921195672053433,273386,3.518742282003957,225933,25020,154986,-47453
1779,MCGRATH RENTCORP,39.792177101252854,57549,34.94866529774127,24350,36.759520451339924,22688,34.18354992331908,24778,-33199,-1662,2090
1780,MCGRAW HILL FINL INC,78.1998968392991,979055,76.30092185986786,931378,83.02986777068988,828485,84.4503608384023,649044,-47677,-102893,-179441
1781,MCKESSON CORP,161.4004888973059,1599927,176.57039298870396,1453426,186.2103855743866,1438996,194.6700344333207,1305712,-146501,-14430,-133284
1782,MDC PARTNERS INC,25.51680781036204,54082,22.822310524892334,96134,21.488632824665213,9633,19.193605883787686,53299,42052,-86501,43666
1783,MDU RES GROUP INC,30.549928953653602,396924,34.310355900073034,420427,35.100073345378675,614899,27.808763525648803,675938,23503,194472,61039
1784,MEAD JOHNSON NUTRITION CO,83.75839128436566,796362,83.13936683248902,525864,93.16873649662728,606330,96.22039734550123,1157582,-270498,80466,551252
1785,MEADOWBROOK INS GROUP INC,6.959939297377237,2971865,5.829967478034751,1992807,7.189894954313102,1974855,5.850107759538636,1878256,-979058,-17952,-96599
1786,MEADWESTVACO CORP,36.93100217074997,637107,37.64018994020636,2989783,44.25962362541192,828430,40.9393541643157,673484,2352676,-2161353,-154946
1787,MECHEL OAO,2.5594118208064924,576695,2.070250896057348,523125,2.1901879579483907,502240,1.1297731553547068,550553,-53570,-20885,48313
1788,MEDALLION FINL CORP,14.341436507623813,50762,13.208980418636054,47392,12.45765030197176,95042,11.660295729990814,134988,-3370,47650,39946
1789,MEDASSETS INC,19.82986301725144,925372,24.709590933838435,1092855,22.840050653457798,1347983,20.720010689201775,1549227,167483,255128,201244
1790,MEDICAL ACTION INDS INC,8.552608890574888,57994,6.971720345640219,30552,13.731079221545114,101740,13.778091540181196,84990,-27442,71188,-16750
1791,MEDICAL PPTYS TRUST INC,12.220539969819065,803156,12.791288718408243,572499,13.24030646429924,549232,12.260283115413706,786605,-230657,-23267,237373
1792,MEDICINES CO,38.61872445727569,346723,28.420653808893963,440771,29.05873090243396,414058,22.320913385475023,268627,94048,-26713,-145431
1793,MEDIDATA SOLUTIONS INC,60.49974122263279,166166,54.337724812769906,73172,42.80257818095011,41890,44.287706060854596,36579,-92994,-31282,-5311
1794,MEDIFAST INC,26.133562849653767,51122,29.082032427219573,33182,30.396402398401065,12008,32.800672834314554,7134,-17940,-21174,-4874
1795,MEDIVATION INC,63.819846931193354,1076640,64.3690785537607,895896,77.07884324456671,890387,98.86958682286831,1070582,-180744,-5509,180195
1796,MEDLEY CAP CORP,13.855062178422234,61999,13.614734535192662,66619,13.056096688267804,125765,11.812726033859215,152632,4620,59146,26867
1797,MEDNAX INC,53.380305215541604,1311139,61.97957276945146,1319709,58.14923091080264,706355,54.81966529097343,594367,8570,-613354,-111988
1798,MEDTRONIC INC,57.39006450142593,4449359,61.539948207903315,6923064,63.7599363264377,6413965,61.94992647683624,5554712,2473705,-509099,-859253
1799,MEETME INC,1.8367280002623896,30489,3.2812913469171736,18895,2.704314973155697,25145,1.9721704831817688,63889,-11594,6250,38744
1800,MEI PHARMA INC,7.996365288505225,33015,11.13337055404118,30449,6.329400063294001,22119,6.8982190345716825,62045,-2566,-8330,39926
1801,MELA SCIENCES INC,0.6404854205292433,59330,0.618503564985826,58205,0.3207019524334864,77954,1.7155883528001692,42551,-1125,19749,-35403
1802,MELCO CROWN ENTMT LTD,39.22963131543013,35152,38.65178066704353,113216,35.70802539991292,353702,26.29021591166728,1062981,78064,240486,709279
1803,MELLANOX TECHNOLOGIES LTD,39.96868432980345,72807,39.13002943409294,75083,34.888579387186624,14360,44.868844914864255,4346,2276,-60723,-10014
1804,MEMORIAL PRODTN PARTNERS LP,21.93988319114455,2616240,22.52977815876615,2748407,24.240146143299064,2431586,21.9997278065883,2461485,132167,-316821,29899
1805,MENS WEARHOUSE INC,51.080117747855894,1617694,48.97996932154274,1070458,55.80098744422128,808552,47.220248839400504,931846,-547236,-261906,123294
1806,MENTOR GRAPHICS CORP,24.069677574613227,216081,22.02081414204472,262706,21.570687843448,290255,20.497513632978595,166508,46625,27549,-123747
1807,MERCADOLIBRE INC,107.7949880367712,23823,95.09412435824301,17530,95.40240604308495,21446,108.63761393668085,74164,-6293,3916,52718
1808,MERCER INTL INC,9.967336768023706,29697,7.511799508076846,30086,10.49638351876944,52399,9.752836384371868,50857,389,22313,-1542
1809,MERCK & CO INC NEW,50.049962421887436,23166411,56.77001491224418,20562968,57.84997438928279,18216983,59.27992524566336,10314318,-2603443,-2345985,-7902665
1810,MERCURY GENL CORP NEW,49.71037478881495,580060,45.08045304467756,598175,47.0389506508033,615086,48.810740529910994,618368,18115,16911,3282
1811,MERCURY SYS INC,10.947791799889279,88511,13.213745247849998,27093,11.354793066855324,28270,10.999700688416644,13364,-61418,1177,-14906
1812,MEREDITH CORP,51.79805378386237,161647,46.425591709480535,91092,48.35102691309154,38903,42.81180031001647,40643,-70555,-52189,1740
1813,MERIDIAN BIOSCIENCE INC,26.531010369303264,199917,21.7865919871978,87485,20.63768003340876,102967,17.689617857749713,111817,-112432,15482,8850
1814,MERIT MED SYS INC,15.737776833389313,145891,14.28311499272198,10992,15.128383067314365,7205,11.873840445269014,8085,-134899,-3787,880
1815,MERITAGE HOMES CORP,47.98985730693863,1383459,41.880450179379565,1057534,42.21018089243381,1198834,35.499963974850104,1151973,-325925,141300,-46861
1816,MERITOR INC,10.437017994858612,116700,12.249465244008846,555861,13.03937620842694,945444,10.852800134608374,106977,439161,389583,-838467
1817,MERRIMACK PHARMACEUTICALS IN,5.3323132386268135,172533,5.042152394013956,198328,7.28981021880066,658179,8.779517901178782,309812,25795,459851,-348367
1818,MERU NETWORKS INC,4.306047557431644,47143,4.516211495036428,46942,3.6861892733360735,68092,3.8116657417413906,68474,-201,21150,382
1819,METALICO INC,2.0445716622367613,19564,1.6291951775822744,27621,1.2317979851304386,22731,1.0914557548549186,48559,8057,-4890,25828
1820,METHANEX CORP,59.24100844236089,913607,63.94074004852668,1198516,61.77990691468694,836437,66.80024773215781,960715,284909,-362079,124278
1821,METHODE ELECTRS INC,34.1885836027035,108896,30.66180526591952,74327,38.18595867584981,36008,36.84675029943895,31726,-34569,-38319,-4282
1822,METLIFE INC,52.881776232363755,7415201,52.55730119440106,11601547,55.55997540477446,12142194,53.685506988992955,13536428,4186346,540647,1394234
1823,METTLER TOLEDO INTERNATIONAL,242.5919061696697,331833,235.67981552632168,313107,253.17971560336426,431721,256.13013885335897,476906,-18726,118614,45185
1824,MFA FINL INC,7.060017240670378,17972619,7.750013683545082,7509019,8.209995128894912,7604024,7.7800800170588,7508149,-10463600,95005,-95875
1825,MFS CHARTER INCOME TR,9.042470104309492,57617,9.125806394284595,112538,9.238944279353088,108021,8.836598666935974,19804,54921,-4517,-88217
1826,MFS INTER INCOME TR,5.178602543997212,143475,5.1783306777791385,32636,5.270209915140688,33585,5.005702699277658,15782,-110839,949,-17803
1827,MFS MULTIMARKET INCOME TR,6.625687279915982,64748,6.532708596143451,22196,6.649899825226992,23459,6.411483253588517,31350,-42552,1263,7891
1828,MFS MUN INCOME TR,6.253999050547999,96898,6.494986326344576,96536,6.604623236265386,96599,6.552491375614934,97978,-362,63,1379
1829,MGE ENERGY INC,57.72398796318669,45527,39.221225604444754,42477,39.52413372988856,27907,37.21488595438175,6664,-3050,-14570,-21243
1830,MGIC INVT CORP WIS,8.440003863270737,9173574,8.520082002025145,10560227,9.23995520796894,12509368,7.810024910195674,13594835,1386653,1949141,1085467
1831,MGM RESORTS INTERNATIONAL,23.520042779395737,11130592,25.859955714034587,7440732,26.40014952618512,7929046,22.7800554695874,5383130,-3689860,488314,-2545916
1832,MICHAEL KORS HLDGS LTD,81.1901515507703,510456,93.2704845814978,1135000,88.65056017402901,1105103,71.38986582911873,1339784,624544,-29897,234681
1833,MICREL INC,9.869668041249016,1559019,11.080140367475689,1471281,11.279451766181595,1433403,12.028884058504955,54286,-87738,-37878,-1379117
1834,MICROCHIP TECHNOLOGY INC,44.749747270668045,690462,47.7598032347425,592381,48.80855492846365,563979,47.23109529728553,362833,-98081,-28402,-201146
1835,MICRON TECHNOLOGY INC,21.750021380419007,4034065,23.66003032235621,10776867,32.95002855612993,10092404,34.26005530714188,9271497,6742802,-684463,-820907
1836,MICROSEMI CORP,24.95002732731241,261643,25.03545889722829,135368,26.754958715926506,97253,25.398816992292534,55790,-126275,-38115,-41463
1837,MICROSOFT CORP,37.409983241126135,49004486,40.9900164355515,48350066,41.699983459588815,53396496,46.360028197061254,45572125,-654420,5046430,-7824371
1838,MICROSTRATEGY INC,124.24849699398796,32435,115.39742820974081,15009,140.67524115755631,16172,130.82610093217613,21777,-17426,1163,5605
1839,MID-AMER APT CMNTYS INC,60.73968846575474,1412108,68.26979007509001,1363297,73.05016749927563,1142393,65.64980969713386,908289,-48811,-220904,-234104
1840,MIDDLEBY CORP,239.7032871713576,33433,264.20068706559084,25034,82.71886481692637,157860,88.1254274740885,95035,-8399,132826,-62825
1841,MIDDLESEX WATER CO,20.932134096484056,48920,21.81749551759932,52985,21.181992218860003,48579,19.59161963298957,33841,4065,-4406,-14738
1842,MIDSTATES PETE CO INC,6.619395952071085,44566,5.355754134201992,68151,7.241832407573313,66972,5.049934657395007,61981,23585,-1179,-4991
1843,MIDWAY GOLD CORP,0.827266710787558,24176,1.0464102315667088,51605,0.8994297789847796,343551,1.03947130010204,524305,27429,291946,180754
1844,MILLENNIAL MEDIA INC,7.271386225419931,143714,6.924884734755388,55741,4.984773200833467,62390,1.8603293877327691,54829,-87973,6649,-7561
1845,MILLER HERMAN INC,29.52098874249013,154297,32.13486653832145,96095,30.245308130944967,81897,29.856665344739675,70604,-58202,-14198,-11293
1846,MILLER INDS INC TENN,18.63883267653637,46945,19.53349664501012,46945,20.577271274896155,46945,16.892107785706678,46945,0,0,0
1847,MIMEDX GROUP INC,8.729842956444402,42727,6.1469793665087495,25541,7.086840779912224,27798,7.132746801365491,108093,-17186,2257,80295
1848,MINDRAY MEDICAL INTL LTD,36.3587664622271,220277,32.36629169133609,81072,31.492737666098552,66301,30.167649226234346,21712,-139205,-14771,-44589
1849,MINERALS TECHNOLOGIES INC,60.07578610431181,84976,64.5594553096453,322385,65.57951656758219,293857,61.71185901599689,446462,237409,-28528,152605
1850,MIRATI THERAPEUTICS INC,16.612656907661936,26847,19.052975709213623,28447,20.000401211659213,49849,17.500340738721547,36685,1600,21402,-13164
1851,MITEK SYS INC,5.9432093330398414,13629,3.878805620608899,13664,3.325881903931083,36682,2.3989033584647017,43770,35,23018,7088
1852,MITSUBISHI UFJ FINL GROUP IN,6.680099459324192,3388722,5.5402710419505725,3461383,6.149972411990883,4155791,5.6098775734779025,4889055,72661,694408,733264
1853,MIZUHO FINL GROUP INC,4.359969821571837,1672718,3.980165999106024,1825552,4.109876327030912,1964536,3.5698884576570333,2024433,152834,138984,59897
1854,MKS INSTRUMENT INC,29.919885107641193,1491483,29.89015265828588,1819161,31.239721996226354,1848608,33.37984775472077,1565106,327678,29447,-283502
1855,MOBILE MINI INC,41.18027433645171,1207787,43.359756013792904,1091865,47.89049332260088,1124315,34.96965360579209,1199154,-115922,32450,74839
1856,MOBILE TELESYSTEMS OJSC,21.630211574315467,3331359,17.490077825325383,2255050,19.73989318083397,1302388,14.939548101867974,1788943,-1076309,-952662,486555
1857,MODEL N INC,11.788437831866672,187387,10.109696386630047,372118,11.050261868184895,225877,9.859334641474039,289979,184731,-146241,64102
1858,MODINE MFG CO,12.817477230035829,63351,14.648117025825634,301677,15.739039287747813,309104,11.868004983977464,273677,238326,7427,-35427
1859,MODUSLINK GLOBAL SOLUTIONS I,5.709223348754799,60954,4.240025843967048,49528,3.7411394066684167,30472,3.5569443521042485,30082,-11426,-19056,-390
1860,MOHAWK INDS INC,148.8993315932335,422198,135.97986113111872,1388360,138.33929443882937,536254,134.82025542850428,1310582,966162,-852106,774328
1861,MOLINA HEALTHCARE INC,34.74574995106232,132822,37.530042521723054,16227,44.634391209771884,71716,42.302585554587885,70043,-116595,55489,-1673
1862,MOLSON COORS BREWING CO,56.151198960050145,689264,58.86073014901569,539205,74.16002560762931,1087176,74.43999949398278,1027633,-150059,547971,-59543
1863,MOLYCORP INC DEL,5.619926150657927,227761,4.689739505683289,451411,2.570250496854761,828713,1.1899284456361356,315145,223650,377302,-513568
1864,MOMENTA PHARMACEUTICALS INC,17.68016804912205,222792,11.648466394942242,227927,12.078080142707162,322899,11.337824331866619,308172,5135,94972,-14727
1865,MONARCH CASINO & RESORT INC,20.06955926791721,35078,18.532118018056934,23149,15.169502704128742,22743,11.945802934338172,12473,-11929,-406,-10270
1866,MONDELEZ INTL INC,35.300008578463284,6796089,34.549950512638304,5043712,37.60987241745427,5458035,34.26497558630674,3927509,-1752377,414323,-1530526
1867,MONEYGRAM INTL INC,20.77692760447322,50970,17.657445556209534,50970,14.72599137477648,38028,12.543389081729252,38028,0,-12942,0
1868,MONOLITHIC PWR SYS INC,34.656735038344415,109012,38.77325903561423,193097,42.35141870681071,197821,44.0547988976315,25037,84085,4724,-172784
1869,MONOTYPE IMAGING HOLDINGS IN,31.859931113662448,1052168,30.13961996680109,986177,28.16998768539119,1171779,28.320302003851108,1209521,-65991,185602,37742
1870,MONRO MUFFLER BRAKE INC,56.35849111649211,514155,56.88020879472835,440241,53.191184351849614,453421,48.529893977483866,430003,-73914,13180,-23418
1871,MONSANTO CO NEW,116.55002667966208,1945302,113.76991435120027,3108625,124.73991548593935,2424212,112.51007436291526,9740070,1163323,-684413,7315858
1872,MONSTER BEVERAGE CORP,67.76995980623909,3861047,69.45014941508994,654887,71.02943990844201,527753,91.66841083101723,410894,-3206160,-127134,-116859
1873,MONSTER WORLDWIDE INC,7.13119662473258,402457,7.479838132869644,1258316,6.543221059078772,231843,5.499721740269092,152735,855859,-1026473,-79108
1874,MONTAGE TECHNOLOGY GROUP LTD,16.307217018946876,102286,20.02719742860675,64712,20.70340127306629,15553,20.893655908806693,103955,-37574,-49159,88402
1875,MONTPELIER RE HOLDINGS LTD,29.113015896990518,26483,29.765013054830288,53620,31.955389341525308,29948,31.090755948620767,94980,27137,-23672,65032
1876,MOODYS CORP,78.47076524382538,909893,79.32026990212296,759831,87.66084955917117,665451,94.50042243378564,705436,-150062,-94380,39985
1877,MOOG INC,67.93941989976504,1020203,65.50929185630768,1129107,72.89059938215142,1042974,68.40075648610039,1015749,108904,-86133,-27225
1878,MORGAN STANLEY,31.360044385948914,8983023,31.17009185074257,9289963,32.330058979641485,10078732,34.57006154644412,7161746,306940,788769,-2916986
1879,MORGAN STANLEY ASIA PAC FD I,16.560122989852605,1094074,16.879816737959526,1006646,16.710322042547418,648641,16.32075814183276,633549,-87428,-358005,-15092
1880,MORGAN STANLEY EM MKTS DM DE,13.027034598683288,35695,13.123510323636674,34823,13.326376353790614,70912,11.809656130600905,40306,-872,36089,-30606
1881,MORGANS HOTEL GROUP CO,8.124453512095599,27448,8.036978429249604,24014,7.935508250409371,31756,8.079531852639981,30076,-3434,7742,-1680
1882,MORNINGSTAR INC,78.10263749744428,4891,79.0305584826133,13286,71.82161629434955,24352,67.92473652265079,18123,8395,11066,-6229
1883,MOSAIC CO NEW,47.26985910915824,1477030,50.00006265672011,797999,49.45058193500633,845713,44.410879574999306,614399,-679031,47714,-231314
1884,MOSYS INC,5.520543260540329,61407,4.534559823799961,61748,3.1379454358696512,88593,2.424002339115097,106023,341,26845,17430
1885,MOTOROLA SOLUTIONS INC,67.49954789318222,2256104,64.29004543772197,1396857,66.56995180800597,4372303,63.280070947365154,3213650,-859247,2975446,-1158653
1886,MOVADO GROUP INC,44.01013759784834,1237374,45.549710980584926,1114804,41.67006702849321,1188599,33.06035248460194,1063933,-122570,73795,-124666
1887,MOVE INC,15.987002145364125,111403,11.56272434281874,65469,14.787305874409185,59240,20.94885100074129,67450,-45934,-6229,8210
1888,MPLX LP,44.53944646825516,896823,48.989914795612634,862749,64.50059245751858,834659,58.93954884882682,772690,-34074,-28090,-61969
1889,MRC GLOBAL INC,32.20749608094627,7017,26.93249387897866,14295,28.294029817150488,133279,23.321860935281233,83098,7278,118984,-50181
1890,MSC INDL DIRECT INC,80.8713617034568,224109,86.51673077826435,191593,95.6387127504391,167955,85.46140705619858,229472,-32516,-23638,61517
1891,MSCI INC,43.71984735150915,4856124,43.02011225536035,2550435,45.852161897402155,348097,47.021255432191495,291549,-2305689,-2202338,-56548
1892,MUELLER INDS INC,63.00582490062433,90817,29.977878033061018,57409,29.39758025623283,47691,28.541839270919642,24140,-33408,-9718,-23551
1893,MUELLER WTR PRODS INC,9.368662522025332,150395,9.500913719993612,225452,8.637886774705569,255155,8.276789396670075,177001,75057,29703,-78154
1894,MULTIMEDIA GAMES HLDG CO INC,31.359105056610584,110845,29.0249433106576,30870,29.6411856474259,8974,36.0142951882691,54284,-79975,-21896,45310
1895,MURPHY OIL CORP,64.88016435060797,1998654,62.859779954258144,2013036,66.48007395234183,1986144,56.909934768925474,1717433,14382,-26892,-268711
1896,MURPHY USA INC,41.55973668016772,505393,40.59141329961492,347980,48.89337752041453,197041,53.062654176075604,134181,-157413,-150939,-62860
1897,MVC CAPITAL INC,13.487120905037402,54274,13.541416566626651,41650,12.951550203849434,52735,10.763565095070255,63269,-12624,11085,10534
1898,MWI VETERINARY SUPPLY INC,169.9679194749389,33977,155.61791184379754,8553,141.99589533093896,7796,148.27671708405654,4033,-25424,-757,-3763
1899,MYERS INDS INC,21.12419138125873,112383,19.917595458256592,52667,20.090646889163576,60675,17.674483334493075,14371,-59716,8008,-46304
1900,MYLAN INC,43.40009167739116,2720409,48.82997836202193,9956568,51.560025868733355,15306509,45.49007191196178,22146107,7236159,5349941,6839598
1901,MYR GROUP INC DEL,25.079489578604875,971511,25.31986038010355,981522,25.329778997241824,973834,24.080065421002878,1035753,10011,-7688,61919
1902,MYRIAD GENETICS INC,20.980390398201386,668958,34.189375751370754,280321,38.920871888423456,394133,38.56688359743955,262142,-388637,113812,-131991
1903,NABORS INDUSTRIES LTD,16.990092756416225,1234955,24.649990450019374,1811522,29.36973689549222,1355545,22.759696496993747,1320580,576567,-455977,-34965
1904,NACCO INDS INC,62.18735009936271,29186,54.219840654304456,28366,50.58978679756758,27298,49.70281274863107,21367,-820,-1068,-5931
1905,NANOMETRICS INC,19.044776119402982,50250,17.92549715246009,10711,18.242448018830913,10196,15.07446422084998,11012,-39539,-515,816
1906,NANOSPHERE INC,2.28824001095226,51131,2.1531977276892067,65484,1.5764525498580113,92613,0.566530629373564,95317,14353,27129,2704
1907,NANOVIRICIDES INC,4.798028262911746,197998,3.1982004009976035,204490,4.228226845477126,225863,3.0015809854045266,130931,6492,21373,-94932
1908,NASDAQ OMX GROUP INC,39.79995504848725,5597142,36.93994755717185,5513814,38.62000649533715,5834955,42.42011724071826,4642585,-83328,321141,-1192370
1909,NATIONAL BEVERAGE CORP,20.15524989786191,29372,19.505939524838013,14816,18.905529297875976,17561,19.530658591975772,13210,-14556,2745,-4351
1910,NATIONAL BK GREECE S A,5.595737023578717,86137,5.5590369726495386,98938,3.6797449960155615,213330,3.0121398363099767,197202,12801,114392,-16128
1911,NATIONAL BK HLDGS CORP,21.3866507510196,10053,20.032485110990795,11082,19.94716696317861,18549,19.114152984148365,28199,1029,7467,9650
1912,NATIONAL CINEMEDIA INC,19.959713349138376,185173,14.998473696706574,147415,17.50913914839557,115711,14.510539370316913,115709,-37758,-31704,-2
1913,NATIONAL FUEL GAS CO N J,71.40010423372881,195714,70.04077246613255,357349,78.29995222948492,343308,69.98870330340425,255827,161635,-14041,-87481
1914,NATIONAL GRID PLC,65.32228017883757,107360,68.73903080189149,130479,74.38498888571534,161054,71.87741743528711,168050,23119,30575,6996
1915,NATIONAL HEALTH INVS INC,56.100985496763755,752108,60.45979023969586,993801,62.55980878303121,1402386,57.1398678421989,1395453,241693,408585,-6933
1916,NATIONAL HEALTHCARE CORP,53.91781964819579,28766,55.73937388648511,15716,56.25780274656679,12816,55.43572044866264,4636,-13050,-2900,-8180
1917,NATIONAL INSTRS CORP,32.02142155464715,126228,28.69138903801545,197446,32.39253107800452,215667,30.92960333751999,180733,71218,18221,-34934
1918,NATIONAL OILWELL VARCO INC,79.53030530450967,1352453,77.87051196094815,1513885,82.3499776763059,1901567,76.10025716989915,1688378,161432,387682,-213189
1919,NATIONAL PENN BANCSHARES INC,11.330254242375936,483043,10.451601131283642,274025,10.579893200605278,239889,9.709567371947832,327718,-209018,-34136,87829
1920,NATIONAL RETAIL PROPERTIES I,30.33013005603912,3153333,34.319992653247255,2646067,37.19026752581794,2235074,34.56993421556726,2257829,-507266,-410993,22755
1921,NATIONSTAR MTG HLDGS INC,36.95984605075514,582010,32.45959620098458,585836,36.299457865239674,513341,34.24042864872712,303092,3826,-72495,-210249
1922,NATURAL GAS SERVICES GROUP,27.56987933404613,26188,30.133299956192502,31958,33.044441806165665,25269,24.075332491991066,20602,5770,-6689,-4667
1923,NATURAL RESOURCE PARTNERS L,19.93916236969989,53914,15.914886133825727,56865,16.56179508488662,50538,13.037210208455093,128325,2951,-6327,77787
1924,NATUS MEDICAL INC DEL,22.498733737828825,282327,25.803036446366626,88788,25.14909556902755,81156,29.513382224188728,106223,-193539,-7632,25067
1925,NAUTILUS INC,8.431673457868094,56691,9.630791546492604,592890,11.088728834495734,105242,11.973549049820235,31152,536199,-487648,-74090
1926,NAVIDEA BIOPHARMACEUTICALS I,2.070080536709932,66181,1.853663560063848,77684,1.4859926918392206,41050,1.29734045207325,20041,11503,-36634,-21009
1927,NAVIGANT CONSULTING INC,19.20189861469449,222478,18.6633230745849,131595,17.450799507995082,130080,13.906321055025012,109950,-90883,-1515,-20130
1928,NAVIGATORS GROUP INC,63.156587607102935,40265,61.36201645823884,15433,67.03048343531228,18141,61.542963035209205,10253,-24832,2708,-7888
1929,NAVIOS MARITIME ACQUIS CORP,4.4000896057347685,2232000,3.65994623655914,2232000,3.710109216789743,2918782,2.7102255331307874,2936287,0,686782,17505
1930,NAVIOS MARITIME HOLDINGS INC,11.143503255864642,36703,9.865192913589173,38722,10.117277832837793,48432,5.999332248236718,191688,2019,9710,143256
1931,NAVIOS MARITIME PARTNERS L P,19.119967516614327,1361927,19.490423264907637,1967633,19.44022160806408,2504241,17.829951416822762,3349925,605706,536608,845684
1932,NAVISTAR INTL CORP NEW,38.195380605733796,44508,33.87038811691423,33392,37.4856164989821,67786,32.903769345981026,64096,-11116,34394,-3690
1933,NBT BANCORP INC,25.89822708017363,95605,24.503454231433505,9264,24.01908365550711,12157,22.53223807994127,21791,-86341,2893,9634
1934,NCI BUILDING SYS INC,17.54081994670099,242406,17.46010920975713,1204288,19.42992023560276,1368405,19.400298479652236,1137766,961882,164117,-230639
1935,NCI INC,6.6113762616383696,25562,10.629531970995384,24272,8.879531307213474,10924,9.516769842003145,10823,-1290,-13348,-101
1936,NCR CORP NEW,34.059806995755984,501647,36.54800314508039,405713,35.09106009278032,624917,33.40989260504767,534662,-95934,219204,-90255
1937,NEENAH PAPER INC,42.76879831342234,71150,51.72924901185771,40480,53.153464775740794,34692,53.4770442532905,19298,-30670,-5788,-15394
1938,NEKTAR THERAPEUTICS,11.348984079845119,266015,12.121368841940582,309371,12.819826042826733,354685,12.069628461383054,306886,43356,45314,-47799
1939,NELNET INC,42.14341504857696,145954,40.91081343812301,60693,41.41476650640263,21007,43.04791830322074,12730,-85261,-39686,-8277
1940,NEOGEN CORP,45.70009491119024,140131,44.942560043580656,62413,40.464575323878144,61906,39.50613524952043,65686,-77718,-507,3780
1941,NEONODE INC,6.318243160348422,16302,5.666240175470665,16413,3.1254588551171523,47673,2.1586086785880734,40767,111,31260,-6906
1942,NEOPHOTONICS CORP,7.0813171249852465,16946,7.939760270464092,19522,4.1558985821051895,28634,3.348657699074862,35238,2576,9112,6604
1943,NEOSTEM INC,6.833248342682304,29415,7.042253521126762,32802,6.517016654598117,63526,5.528237222470571,67110,3387,30724,3584
1944,NET 1 UEPS TECHNOLOGIES INC,8.731756416708606,39740,9.964191187918418,44961,11.391104665216341,33096,12.04550524202543,49313,5221,-11865,16217
1945,NETAPP INC,41.14011736370296,4457085,36.90003012562646,8155847,36.52016665718837,5222457,42.96008388314547,4495778,3698762,-2933390,-726679
1946,NETEASE INC,78.59776986003907,160259,67.29827624856944,84757,78.35582917908603,76829,85.6589664841768,119824,-75502,-7928,42995
1947,NETFLIX INC,368.17055086785825,363481,352.0296890389756,284280,440.6014872500512,273256,451.1823578821486,140482,-79201,-11024,-132774
1948,NETGEAR INC,32.942559018925856,105517,33.74166267056105,45878,34.785985741629446,36049,31.26580144951963,35598,-59639,-9829,-451
1949,NETQIN MOBILE INC,14.699976750575953,94626,17.61006575090993,440146,6.1420107330086555,96711,6.975550165536532,56483,345520,-343435,-40228
1950,NETSCOUT SYS INC,29.5901708559687,852648,37.57999282686811,443321,44.349691751989354,36821,45.80152671755725,92486,-409327,-406500,55665
1951,NETSUITE INC,103.02002896003555,481353,94.830135555103,564715,86.8806148051346,487439,89.539940392848,472091,83362,-77276,-15348
1952,NEUROCRINE BIOSCIENCES INC,9.33904966059307,419850,16.099626468168886,741570,14.835736297158398,622079,15.66974176913409,617432,321720,-119491,-4647
1953,NEUSTAR INC,49.86718032002618,158862,32.51008761976454,361334,26.022130532633163,341248,24.830902452163855,100238,202472,-20086,-241010
1954,NEVSUN RES LTD,3.32023013799555,825244,3.3703795438868425,750954,3.751933006025064,236678,3.6091931823668575,248532,-74290,-514276,11854
1955,NEW AMER HIGH INCOME FD INC,9.645464025026069,23016,9.808214379542868,11419,10.011405398555317,15782,9.370347666170419,11419,-11597,4363,-4363
1956,NEW GOLD INC CDA,5.240039386626306,1013542,4.8796705123379285,727918,6.370356621093607,958973,5.0506421918700966,405097,-285624,231055,-553876
1957,NEW JERSEY RES,46.237949490155,122194,49.77859958152888,41102,57.167203181215676,105620,50.509446136762655,66641,-81092,64518,-38979
1958,NEW MTN FIN CORP,15.0401895641672,958831,14.550029655885186,1126252,14.859879361588538,1254990,14.690304317287653,1221554,167421,128738,-33436
1959,NEW ORIENTAL ED & TECH GRP I,31.502179944510498,63075,29.350082169228333,1018021,26.5701264522755,1947375,23.19990132256309,1961948,954946,929354,14573
1960,NEW RESIDENTIAL INVT CORP,6.6790298322211346,1027245,6.470253222366095,744484,6.299818772336687,730021,5.830128969785425,3420336,-282761,-14463,2690315
1961,NEW SOURCE ENERGY PARTNERS L,23.37115452099661,427450,23.1394047885433,446900,23.929892110607618,1286132,23.850184389170536,1270682,19450,839232,-15450
1962,NEW YORK & CO INC,4.3969849246231165,35024,4.401039483611368,47716,3.689734339127583,73176,3.030369573332748,45539,12692,25460,-27637
1963,NEW YORK CMNTY BANCORP INC,16.850025844672686,5422781,16.070044606231708,5287602,15.979892707654345,5387896,15.869873231667723,6136785,-135179,100294,748889
1964,NEW YORK MTG TR INC,6.9883133291219215,50656,7.772020725388602,25862,7.81688822317918,42728,7.230132920784263,31673,-24794,16866,-11055
1965,NEW YORK TIMES CO,15.869071088300505,358118,17.119509798468584,431496,15.209051807649088,361298,11.220067402834976,315417,73378,-70198,-45881
1966,NEWELL RUBBERMAID INC,32.409910052628945,2051533,29.900150983699135,1301465,30.990133915010038,984281,34.408992929566786,1040106,-750068,-317184,55825
1967,NEWFIELD EXPL CO,24.629901241810888,1022700,31.360048279557205,2584945,44.199944946687786,5620007,37.07004064743929,4151061,1562245,3035062,-1468946
1968,NEWLINK GENETICS CORP,21.94148936170213,4512,28.405067275159336,12709,26.54238792720817,11265,21.423537702607472,14190,8197,-1444,2925
1969,NEWMARKET CORP,334.17737154150194,16192,390.81941486380447,17842,392.1010698839062,17572,381.0056409258899,20564,1650,-270,2992
1970,NEWMONT MINING CORP,23.02990723218236,3279909,23.439959225104502,4638148,25.440117528611058,5693252,23.04984437232461,3492952,1358239,1055104,-2200300
1971,NEWPARK RES INC,12.289939062454044,4861863,11.449913563519134,5479168,12.460031976225785,5534737,12.439999707143944,5326849,617305,55569,-207888
1972,NEWPORT CORP,18.069725607564358,2420402,20.679919034640683,1979118,18.499699224378613,2001492,17.72032500305199,1916782,-441284,22374,-84710
1973,NEWS CORP NEW,18.01718419352205,3489835,17.21132808609089,3182497,17.932876306373718,2841262,16.344460233746947,1974614,-307338,-341235,-866648
1974,NEWSTAR FINANCIAL INC,17.771740668421206,70674,13.881072969424126,15993,14.071294559099435,15990,11.226476314081765,15410,-54681,-3,-580
1975,NEXSTAR BROADCASTING GROUP I,55.75065847234416,22780,37.48423139304379,5549,51.60575858250277,27090,40.43270812767358,24312,-17231,21541,-2778
1976,NEXTERA ENERGY INC,79.53414546587497,3668613,87.27811818753797,2913319,94.06299493024599,2757333,83.88596200097697,2247742,-755294,-155986,-509591
1977,NGL ENERGY PARTNERS LP,34.50002836177349,4953851,37.530000044362346,5409992,43.340037582811654,5433867,39.3700408609219,7067633,456141,23875,1633766
1978,NGP CAP RES CO,7.468666858992852,31197,6.743600702854158,21057,6.229932029523373,119905,6.181404448391169,144142,-10140,98848,24237
1979,NIC INC,24.866728176738945,156072,19.30514585381842,30510,15.847203274215556,91625,17.216444695704762,152122,-125562,61115,60497
1980,NICE SYS LTD,40.93868565272378,21349,44.65116279069768,18275,40.819851459496796,17369,40.807740849810685,16639,-3074,-906,-730
1981,NIDEC CORP,24.715546090660176,82175,30.757984091826607,91651,15.390496010362972,188363,16.921469000683196,221021,9476,96712,32658
1982,NIKE INC,78.63999092247522,10619635,73.86003508580994,9647775,77.54998537862934,8726952,89.19985788801428,6507544,-971860,-920823,-2219408
1983,NIMBLE STORAGE INC,45.301388568692474,112778,37.88779938916573,62210,30.712627395427536,50826,25.967132932908722,148842,-50568,-11384,98016
1984,NIPPON TELEG & TEL CORP,27.038132056968898,547597,27.238483496722043,458212,31.21033067804297,460841,31.111650370510674,337912,-89385,2629,-122929
1985,NISOURCE INC,32.880034046933304,1010370,35.530138938342645,1384571,39.33972170088219,1209490,40.979388267065566,1208632,374201,-175081,-858
1986,NOAH HLDGS LTD,17.998618985317634,110064,14.41978910895603,153539,14.1396890775297,199085,13.417800101585867,141752,43475,45546,-57333
1987,NOBLE CORP PLC,37.470644487129974,603379,32.739422468136645,1453080,33.559745924124734,1225933,22.219924338512005,909049,849701,-227147,-316884
1988,NOBLE ENERGY INC,68.11019307447364,976359,71.04033555347516,951741,77.45985943286992,1912965,68.36005382192579,2126271,-24618,961224,213306
1989,NOKIA CORP,8.110106283832812,5118182,7.339997034393741,8227660,7.559995220864341,4687040,8.460008312486176,5307678,3109478,-3540620,620638
1990,NOMURA HLDGS INC,7.77042007863541,676540,6.43008432242337,750690,7.030610328099929,697379,5.9100082966066285,849745,74150,-53311,152366
1991,NOODLES & CO,35.94957299715332,12295,39.48367501898253,1317,34.34562545191613,8298,19.224853891110424,13004,-10978,6981,4706
1992,NORDIC AMERICAN TANKERS LIMI,9.697108916089654,60946,9.833075611593516,25221,9.523228130150782,16381,7.954870981247659,45381,-35725,-8840,29000
1993,NORDSON CORP,74.28989668665372,71046,70.49304049600198,104677,80.1794261501844,76466,76.07666640800807,64435,33631,-28211,-12031
1994,NORDSTROM INC,61.800904081565314,484912,62.44937288022608,495041,67.92954185059787,373328,68.36824588880188,408640,10129,-121713,35312
1995,NORFOLK SOUTHERN CORP,92.82977724608931,990555,97.16973437372556,956306,103.02954959928013,876797,111.60054134133263,733733,-34249,-79509,-143064
1996,NORTH VALLEY BANCORP,18.92573201473725,25785,24.179754315036543,25724,21.798251119200028,23901,21.57762938230384,23960,-61,-1823,59
1997,NORTHEAST UTILS,42.389862102678975,930765,45.49965468300145,815193,47.27038654007795,1127852,44.30035274354456,679814,-115572,312659,-448038
1998,NORTHERN DYNASTY MINERALS LT,1.2810484525584074,338785,0.9798540533173218,271469,0.8362312861016149,271456,0.5478966673447024,304802,-67316,-13,33346
1999,NORTHERN OIL & GAS INC NEV,15.069735629107564,269016,14.618737254588346,125045,16.29013267588049,253098,14.226994888595653,65931,-143971,128053,-187167
2000,NORTHERN TIER ENERGY LP,24.60012849387505,2512182,25.72005563776307,2860647,26.740037516639013,3392628,23.349863543671,3319377,348465,531981,-73251
2001,NORTHERN TR CORP,61.89046591865343,1959591,65.55970029496325,1931766,64.20996362488741,2452501,68.02982635795327,2434491,-27825,520735,-18010
2002,NORTHFIELD BANCORP INC DEL,13.208547520804036,43381,12.866161340352564,45779,13.107416879795394,12512,13.618677042801554,73502,2398,-33267,60990
2003,NORTHROP GRUMMAN CORP,114.60967035827828,1213833,123.38024790083965,1250500,119.6295828434278,1029110,131.75952092922864,996095,36667,-221390,-33015
2004,NORTHSTAR RLTY FIN CORP,13.449620196180339,790803,16.139836310205787,1592891,17.37993495135677,4886497,17.66986994198378,2037706,802088,3293606,-2848791
2005,NORTHWEST BANCSHARES INC MD,14.783161055610096,207804,14.603970087310598,51082,13.572095504868615,59976,12.106381608603261,31058,-156722,8894,-28918
2006,NORTHWEST BIOTHERAPEUTICS IN,3.769937167713872,620700,7.239209958375771,610702,6.709595753078343,843717,5.029930506451792,847129,-9998,233015,3412
2007,NORTHWEST NAT GAS CO,42.81840399058151,89611,44.01273509816638,33922,47.13193969490618,33629,42.25254713936656,43382,-55689,-293,9753
2008,NORTHWESTERN CORP,43.319059417923526,908884,47.429553129799004,866717,52.189827516390714,879156,45.35982167586665,978443,-42167,12439,99287
2009,NORWEGIAN CRUISE LINE HLDGS,35.46989962443681,2603024,32.269803679391714,3264507,31.699976993572893,3333851,36.020842565542566,476141,661483,69344,-2857710
2010,NOVACOPPER INC,1.5205138288111155,648465,1.3503463630722612,649463,1.089949078192583,1043168,0.9295032043998,880040,998,393705,-163128
2011,NOVAGOLD RES INC,2.546058526564241,91514,3.610019980155764,735730,4.2165937872678745,70436,3.0307023323230995,91068,644216,-665294,20632
2012,NOVARTIS A G,80.38007520892559,699651,85.0195160105779,1047089,90.53000941254636,866928,94.13058415525532,739324,347438,-180161,-127604
2013,NOVATEL WIRELESS INC,2.379771938522558,10085,1.7487612940833577,17155,1.8840276324052752,14331,3.6565833610347216,33091,7070,-2824,18760
2014,NOVAVAX INC,5.1117809595579,79620,4.5300404980468585,543483,4.618465688478358,122335,4.1717899174424735,136632,463863,-421148,14297
2015,NOVO-NORDISK A S,184.76016468733184,79909,45.650581191921894,517299,46.190340007600135,510518,47.62024865232057,594726,437390,-6781,84208
2016,NPS PHARMACEUTICALS INC,30.358147247240662,273798,29.929718073636288,200336,33.04928884577809,287631,25.997813291915307,391456,-73462,87295,103825
2017,NRG ENERGY INC,28.72015465306169,1139583,31.800029263170572,2323740,37.20019927914547,1403057,30.48004242363736,5398877,1184157,-920683,3995820
2018,NRG YIELD INC,40.016908552909676,21291,39.56980519480519,9856,52.05295253967653,105604,47.05012453300125,308352,-11435,95748,202748
2019,NTELOS HLDGS CORP,20.233505892719464,90790,13.497495079620686,89424,12.458928287874533,81869,10.641369354506084,72735,-1366,-7555,-9134
2020,NTN BUZZTIME INC,0.6306306306306306,11100,0.6406560317765392,46827,0.5338553252068688,101151,0.3321902082050981,102351,35727,54324,1200
2021,NTT DOCOMO INC,16.510751686890245,279212,15.771814397260554,289694,17.08883691821206,303590,16.740054661402976,342472,10482,13896,38882
2022,NU SKIN ENTERPRISES INC,138.21893776370786,201217,82.84706511321626,306758,73.96148530016066,214152,45.02588021159207,175810,105541,-92606,-38342
2023,NUANCE COMMUNICATIONS INC,15.200264507000194,562556,17.170156101164437,205764,18.773715850359796,211093,15.415389426665525,338947,-356792,5329,127854
2024,NUCOR CORP,53.380032106853825,1151779,50.539994869656105,1146122,49.24990260861895,1360490,54.28098448667222,829996,-5657,214368,-530494
2025,NUSTAR ENERGY LP,50.990239186878995,1416173,54.95030781457796,1382813,62.009446225282346,927778,65.9397507335017,1047714,-33360,-455035,119936
2026,NUSTAR GP HOLDINGS LLC,28.090249329515174,1133881,34.04023782964939,1064123,39.11010083425955,1194832,43.50019175935035,1199420,-69758,130709,4588
2027,NUTRI SYS INC NEW,16.439441978440076,63080,15.066225165562914,24160,17.099894558290927,21813,15.334160609820955,11282,-38920,-2347,-10531
2028,NUVASIVE INC,32.329469635521605,573285,38.40858554252161,375515,35.571228734409424,596915,34.86921834344707,679109,-197770,221400,82194
2029,NUVEEN BUILD AMER BD FD,18.442868503327997,91797,19.617684284030897,91652,20.50330258201867,91595,20.394118803661545,91546,-145,-57,-49
2030,NUVEEN BUILD AMER BD OPPTNY,19.445212422818173,21702,20.48181900207525,22166,21.52877448030001,21599,21.204685402101948,21599,464,-567,0
2031,NUVEEN CA DIVIDEND ADV MUN F,12.843872278144508,66958,13.8822560724578,60725,13.970477779271194,126481,14.25247466182908,126785,-6233,65756,304
2032,NUVEEN CONN PREM INCOME MUN,11.583150473038597,27799,12.16650420592801,27699,12.635835228708618,27699,12.455323296869926,27699,-100,0,0
2033,NUVEEN DIVER CURRENCY OPPOR,10.08574526101383,30439,10.514556088585136,15217,11.194865288454363,13399,10.658356465720422,38186,-15222,-1818,24787
2034,NUVEEN DIVERSIFIED DIV INCM,11.269776791759107,96009,11.698357201015375,83516,12.260791777025485,57011,11.64515243065092,54615,-12493,-26505,-2396
2035,NUVEEN MICH QUALITY INCOME M,12.520091362828865,47284,13.549449157908064,47382,14.479886697528903,47307,13.635787070314151,47302,98,-75,-5
2036,NUVEEN MTG OPPORTUNITY TERM,23.15222588519516,39737,23.453659838526722,29974,24.60264295718897,16421,23.72407080722672,16439,-9763,-13553,18
2037,NUVEEN MUN ADVANTAGE FD INC,12.164064343425302,122903,12.977479057399444,122597,13.442699487245536,124231,13.490610034920886,87913,-306,1634,-36318
2038,NUVEEN MUN INCOME FD INC,10.117125179968092,25699,11.20666173781081,25699,11.01210163819604,25699,10.973189618273086,25699,0,0,0
2039,NUVEEN MUN OPPORTUNITY FD IN,13.219078274864614,229895,13.758454946823552,229895,14.111795869823766,231225,14.251266525688033,262924,0,1330,31699
2040,NUVEEN MUN VALUE FD INC,9.040574713359016,482049,9.44956246196462,476530,9.63938812675542,473889,9.409213038027934,473047,-5519,-2641,-842
2041,NUVEEN NY DIV ADVANTG MUN FD,12.483798349137047,14659,13.097755644996248,14659,13.438843031584694,14659,13.165973122313936,14659,0,0,0
2042,NUVEEN NY DIVID ADVNTG MUN F,12.700165654334624,16299,13.313700227007793,16299,13.743174427879008,16299,13.333333333333336,16350,0,0,51
2043,NUVEEN NY MUN VALUE FD,8.767123287671232,21900,9.452054794520548,21900,9.863013698630136,21900,9.726027397260273,21900,0,0,0
2044,NUVEEN PFD INCOME OPPRTNY FD,8.87176621670637,102009,9.302191630907467,34723,9.706446378521903,33895,9.20836949185228,41484,-67286,-828,7589
2045,NUVEEN PREM INCOME MUN FD,12.331348106840574,171433,13.108012593972886,171193,13.58965860125953,168952,13.40135274561504,174460,-240,-2241,5508
2046,NUVEEN PREM INCOME MUN FD 4,12.130159634627507,115827,12.412757310716493,113190,12.829229098422172,113257,12.732433221040347,113097,-2637,67,-160
2047,NUVEEN PREMIER MUN INCOME FD,12.373236861854641,51967,13.148226922928188,51718,13.637505070602096,51769,13.457596968173556,51718,-249,51,-51
2048,NUVEEN QUALITY MUN FD INC,12.081366010950699,95519,12.762675513201131,94651,13.104817419586475,94698,12.942103270822466,97743,-868,47,3045
2049,NUVEEN QUALITY PFD INC FD 3,7.870370370370369,23760,8.378378378378379,11100,8.648648648648651,11100,8.369261983261477,11829,-12660,0,729
2050,NUVEEN QUALITY PFD INCOME FD,7.881007881007882,198198,8.183034860748199,78455,8.60898375970887,73644,8.255948718682482,69889,-119743,-4811,-3755
2051,NUVEEN SELECT MAT MUN FD,9.64115030801956,36199,10.193651758335866,36199,10.27652697588331,36199,10.46990248349402,36199,0,0,0
2052,NUVEEN SELECT QUALITY MUN FD,12.404276432810951,106818,13.238403628303216,97897,13.858328118376162,99074,13.66982124079916,97953,-8921,1177,-1121
2053,NUVEEN SELECT TAX FREE INCM,12.609751541191855,85648,13.295568923948409,85442,13.869057372252525,85442,13.495150180403915,85364,-206,0,-78
2054,NUVEEN TEX QUALITY INCOME MU,12.840966574574887,25699,13.619206973033972,25699,14.3585353515701,25699,14.566973938773188,26361,0,0,662
2055,NVIDIA CORP,16.019978185508904,24216013,17.909946205537867,16247955,18.539993023013686,24107830,18.44992544485886,8090656,-7968058,7859875,-16017174
2056,NVR INC,1025.9910960356158,23585,1146.999206838812,22694,1150.6093253267395,22648,1130.0382942818198,30814,-891,-46,8166
2057,NXP SEMICONDUCTORS N V,45.926442912870634,240711,58.80947771008145,397691,66.1794351004511,525828,68.43045322616656,277698,156980,128137,-248130
2058,O REILLY AUTOMOTIVE INC NEW,128.70840297245925,522934,148.39159251328104,510878,150.60015425049983,534196,150.36206162146811,338064,-12056,23318,-196132
2059,OASIS PETE INC NEW,46.96969237625474,329851,41.73390118949995,113409,55.89468518343134,116147,41.80924395133607,182065,-216442,2738,65918
2060,OCCIDENTAL PETE CORP DEL,95.09975256244387,3781156,95.29030927180693,2520760,102.63022431238186,2428310,96.14960571572132,2213124,-1260396,-92450,-215186
2061,OCEAN RIG UDW INC,19.25,1000000,17.789909456721013,1035306,18.929693504911075,1129284,16.120088144749072,2203648,35306,93978,1074364
2062,OCEANEERING INTL INC,78.88195301123241,215626,71.8618348807028,250425,78.1293346794375,349651,65.1691919912247,385627,34799,99226,35976
2063,OCH ZIFF CAP MGMT GROUP,14.799997496224215,1118311,13.770157035168788,2658067,13.830534775798212,819708,10.710885433195813,37812,1539756,-1838359,-781896
2064,OCI PARTNERS LP,27.60043431053203,1197300,21.439852963386762,2343906,21.25004732712977,3010958,21.47991673713905,3113513,1146606,667052,102555
2065,OCI RES LP,20.48726025758603,125395,21.689323354208035,98205,25.49437505058408,74134,22.809911159425717,53354,-27190,-24071,-20780
2066,OCLARO INC,2.490074694873761,2714778,3.1035905901774656,60575,2.198204799413812,262032,1.4318991504521787,145960,-2654203,201457,-116072
2067,OCWEN FINL CORP,55.45091932474108,229897,39.17503593815704,102259,37.09993644395093,964503,26.18005762999748,2409162,-127638,862244,1444659
2068,ODYSSEY MARINE EXPLORATION I,2.014922639182308,81889,2.297410192147034,14364,1.6749207726325177,82989,0.9092877246157176,92380,-67525,68625,9391
2069,OFFICE DEPOT INC,5.28998067976676,6010797,4.1300076321975085,6078197,5.689976070194097,6675775,5.140018693241907,7225071,67400,597578,549296
2070,OFG BANCORP,17.353418992763256,13542,17.191977077363898,55142,18.43363398886096,20289,14.982210501558773,199837,41600,-34853,179548
2071,OGE ENERGY CORP,33.9004946513479,479934,36.7599009197724,387161,39.07996186231581,447851,37.10805621835675,416163,-92773,60690,-31688
2072,OHR PHARMACEUTICAL INC,7.880370979103076,136288,13.609807913605382,135564,9.512230343176302,214671,7.249199944343954,143740,-724,79107,-70931
2073,OI S.A.,1.6342328781851414,1720685,1.4224458880016433,1168410,0.8593194660478646,7818978,0.7350020599139709,11633981,-552275,6650568,3815003
2074,OIL STS INTL INC,101.7192967080381,1186648,98.59999559723171,1317353,64.09014426785075,2106845,61.899894528330634,2947711,130705,789492,840866
2075,OILTANKING PARTNERS L P,62.06999279379381,1987176,77.11017226503228,2285548,94.42957626660723,2239309,49.5898748279255,4380370,298372,-46239,2141061
2076,OLD DOMINION FGHT LINES INC,53.020025992998974,105413,56.749821210718935,95084,63.679912212210105,236935,70.63959425420383,235024,-10329,141851,-1911
2077,OLD NATL BANCORP IND,15.369616988915922,349781,14.907890533489509,178429,14.279527905816035,272488,12.971364636740313,325332,-171352,94059,52844
2078,OLD REP INTL CORP,17.270120741875708,2611273,16.399995222606627,2511830,16.540237629851706,2126753,14.280060224914287,1948031,-99443,-385077,-178722
2079,OLIN CORP,28.851202842573013,481817,27.60988025157497,571281,26.92095158479391,494039,25.252206588568505,285282,89464,-77242,-208757
2080,OLYMPIC STEEL INC,28.979944102401987,398586,28.69970564404468,390004,24.75097801524991,406691,20.574279337571973,53319,-8582,16687,-353372
2081,OM GROUP INC,36.407926396045156,167491,33.216119558050785,100102,32.43030630807807,101695,25.94584888862288,133663,-67389,1593,31968
2082,OMEGA HEALTHCARE INVS INC,29.799957137405983,2104399,33.51987122051967,1843772,36.859687695302846,444822,34.190893661705275,818990,-260627,-1398950,374168
2083,OMEGA PROTEIN CORP,12.288301296513552,66486,12.064322535969836,64985,13.686792663210126,35874,12.475191380776865,17635,-1501,-29111,-18239
2084,OMNICARE CAP TR I,74.0,10000,73.0,10000,81.5,10000,76.30000000000003,10000,0,0,0
2085,OMNICARE CAP TR II,74.22079159075257,204727,73.4041656126149,47436,81.62921466630164,47483,76.54877509321088,47473,-157291,47,-10
2086,OMNICARE INC,60.35975116820661,1452226,59.67002514879066,1443807,66.570045152896,1255069,62.25990714051364,1307567,-8419,-188738,52498
2087,OMNICELL INC,25.52843376682747,166246,28.623356114030553,146908,28.714803456927797,43044,27.336400933880363,44117,-19338,-103864,1073
2088,OMNICOM GROUP INC,74.3708586608262,935084,72.59993683919903,1057618,71.21906945022813,775649,68.86021679339913,494480,122534,-281969,-281169
2089,OMNIVISION TECHNOLOGIES INC,17.204842533727785,47661,17.696555215215113,193597,21.97720199976298,227827,26.45924082140635,281225,145936,34230,53398
2090,OMNOVA SOLUTIONS INC,9.113460827952636,56839,10.376238894056515,62354,9.081334113516675,42725,5.39993250084374,14815,5515,-19629,-27910
2091,ON ASSIGNMENT INC,34.92081636046222,192464,38.586454143453174,80054,35.558328134747356,49693,26.849976296168602,162421,-112410,-30361,112728
2092,ON SEMICONDUCTOR CORP,8.239507878125954,809393,9.399816145931398,902890,9.139937457364967,592236,8.940835511144256,754963,93497,-310654,162727
2093,ONCOTHYREON INC,1.7662784036662211,20948,3.009802567996686,36215,3.2524946318049768,31668,1.9273463612188635,40989,15267,-4547,9321
2094,ONEOK INC NEW,62.1799857776464,2219042,59.250230531745245,2729559,68.07994067900817,3757186,65.54999338803086,4491854,510517,1027627,734668
2095,ONEOK PARTNERS LP,52.64997866879753,3544104,53.549982269190906,4083288,58.60001031690323,5679999,55.959852708344876,5903661,539184,1596711,223662
2096,OPEN TEXT CORP,91.98370208935422,42214,47.72157318490427,81745,47.9405871927256,103816,55.415252132152034,96616,39531,22071,-7200
2097,OPEXA THERAPEUTICS INC,1.8023255813953487,17200,1.862092314637174,17722,1.6683022571148185,10190,0.9805960835586724,33653,522,-7532,23463
2098,OPHTHOTECH CORP,32.34326114339117,24611,35.67519466073415,224750,42.311253261509975,237620,38.92978181462535,235167,200139,12870,-2453
2099,OPKO HEALTH INC,8.439626973095004,1779818,9.318895242730257,1027375,8.839854273145566,1820392,8.509725821723835,2546263,-752443,793017,725871
2100,OPLINK COMMUNICATIONS INC,18.598140185981407,50005,17.965136961935254,11244,16.974972796517953,13785,16.829899808623214,17766,-38761,2541,3981
2101,ORACLE CORP,38.25998168145405,25128632,40.909970941218326,22571490,40.52996027191978,20960741,38.27999383094472,19685348,-2557142,-1610749,-1275393
2102,ORANGE,12.352906535678285,288677,14.691269319554214,327065,15.79899413419212,478195,14.739630432186182,468872,38388,151130,-9323
2103,ORASURE TECHNOLOGIES INC,6.290585560426292,177249,7.9812903704803615,53876,8.62418243908086,34554,7.215874924834638,28271,-123373,-19322,-6283
2104,ORBCOMM INC,6.336414389197336,65021,6.851999265201151,163310,6.592883298576331,121798,5.756366455169246,69662,98289,-41512,-52136
2105,ORBITAL SCIENCES CORP,23.302906068087612,220745,27.905246186283026,96756,29.54728100723279,74660,27.809965237543448,32794,-123989,-22096,-41866
2106,ORBITZ WORLDWIDE INC,7.177912062230827,239624,7.832553223614676,52984,8.908012168680774,59497,7.8703836421112445,767434,-186640,6513,707937
2107,OREXIGEN THERAPEUTICS INC,5.632150190671752,102270,6.490161738951273,58242,6.179734717367389,235447,4.2596450737905815,1055487,-44028,177205,820040
2108,ORGANOVO HLDGS INC,11.08174525896045,21567,7.640331527209646,373544,8.350139015906462,762143,6.371049265693671,372937,351977,388599,-389206
2109,ORITANI FINL CORP DEL,16.04948180714741,1220974,15.809648409559154,1144997,15.389887045257073,1143998,14.090320963113196,1116795,-75977,-999,-27203
2110,ORIX CORP,89.11125118184681,38076,70.46473109898675,41056,83.03788020153013,48231,68.9987579482046,53943,2980,7175,5712
2111,ORMAT TECHNOLOGIES INC,27.22909825713564,39590,29.984099341258425,26414,28.844292443698784,15497,26.288999341277922,16699,-13176,-10917,1202
2112,ORRSTOWN FINL SVCS INC,16.353313160847243,29413,16.468151216986016,28965,16.52570862380127,28259,16.293279022403258,27987,-448,-706,-272
2113,ORTHOFIX INTL N V,22.819050622377556,114159,30.15364303282616,187838,36.25139952189306,165235,30.960590876418074,95993,73679,-22603,-69242
2114,OSHKOSH CORP,50.37891884844946,176423,58.86672988755714,140249,55.527231162679776,243214,44.15150764601737,218022,-36174,102965,-25192
2115,OSI SYSTEMS INC,53.1069428393635,56245,59.864884856255244,20279,66.73740857240308,26387,63.47194311330963,32345,-35966,6108,5958
2116,OTTER TAIL CORP,29.26926019323945,70586,30.791049479987393,31730,30.28738599208398,29055,26.683041196829294,8957,-38856,-2675,-20098
2117,OUTERWALL INC,67.27013376900175,241162,72.49846817806431,300296,59.34957542346508,449860,56.09808137340183,365574,59134,149564,-84286
2118,OWENS & MINOR INC NEW,36.559843874380505,155772,35.03327880520973,160162,33.978799328295544,152448,32.73991343928273,116219,4390,-7714,-36229
2119,OWENS CORNING NEW,40.71814203111523,156515,43.16884767919079,217101,38.68118140447934,224140,31.750912553562927,201632,60586,7039,-22508
2120,OWENS ILL INC,35.779883678366616,614675,33.832390389545765,369764,34.64101162310881,477411,26.050921362064546,323597,-244911,107647,-153814
2121,P T TELEKOMUNIKASI INDONESIA,35.84633420506809,66534,39.37542430414121,11784,41.65153794283936,19279,48.113741550960604,30033,-54750,7495,10754
2122,PACCAR INC,59.169946721580715,1232957,67.44031893609203,1151077,62.83020616782086,1434899,56.875520356494185,675018,-81880,283822,-759881
2123,PACIFIC BIOSCIENCES CALIF IN,5.254947039986863,12179,5.3486400104363705,30662,6.178684341448541,62311,4.90987267706701,383513,18483,31649,321202
2124,PACIFIC DRILLING SA LUXEMBOU,11.460037926224942,3285853,10.879972070536002,3402858,10.000048481165877,3712782,8.27010473144156,3818815,117005,309924,106033
2125,PACIFIC MERCANTILE BANCORP,6.20200826934436,10158,6.16937745372967,10698,6.691722431020257,10909,6.958879349299593,11065,540,211,156
2126,PACIRA PHARMACEUTICALS INC,57.50560119492158,6695,69.95336442371753,10507,91.84634707975715,19108,96.91454571306696,70330,3812,8601,51222
2127,PACKAGING CORP AMER,63.27983038922927,2738977,70.36993750540842,2900571,71.49007698614152,3249416,63.819778919353546,3305762,161594,348845,56346
2128,PACWEST BANCORP DEL,42.22002811877925,1505044,43.01022716307444,1595946,43.17010128372076,1780839,41.229953237493206,1601069,90902,184893,-179770
2129,PALL CORP,85.35105841149573,349486,89.4686781367013,581399,85.39004984979037,605820,83.7006804697202,275398,231913,24421,-330422
2130,PALO ALTO NETWORKS INC,57.46716274578744,190561,68.60502913928812,172276,83.85984439279363,91641,98.10344995188149,102871,-18285,-80635,11230
2131,PAN AMERICAN SILVER CORP,11.699583440935069,267189,12.867866078875256,226611,15.349084724304282,287509,10.979394556092595,196550,-40578,60898,-90959
2132,PANDORA MEDIA INC,26.599740920553323,4285944,30.320100813251877,4269280,29.500042921145173,3972401,24.159865940603872,3612727,-16664,-296879,-359674
2133,PANERA BREAD CO,176.68952441377073,542194,176.4682177699136,545934,149.82873558984934,733077,162.72089535932153,832917,3740,187143,99840
2134,PANHANDLE OIL AND GAS INC,33.40461191700861,17303,43.62924049505832,11231,56.07566837177878,10361,59.794214715589206,5151,-6072,-870,-5210
2135,PANTRY INC,16.778079627199006,98283,15.336221468471189,89331,16.196013289036546,48160,20.21783526208305,29380,-8952,-41171,-18780
2136,PAPA JOHNS INTL INC,45.3997193324287,172446,52.10838348449892,245757,42.38744457323693,271755,39.989066882159996,168296,73311,25998,-103459
2137,PARAMOUNT GOLD & SILVER CORP,0.9309618305649467,122454,1.2329625462360954,148423,0.9588427185275512,383796,0.8992850600659255,601589,25969,235373,217793
2138,PAREXEL INTL CORP,45.18148968588397,263183,54.092300266567214,91159,52.83436195640541,28031,63.092679226197994,79090,-172024,-63128,51059
2139,PARK NATL CORP,85.05520261518535,16213,76.87416544795575,15727,77.17391304347827,14720,75.4473344401402,16263,-486,-1007,1543
2140,PARKER DRILLING CO,8.129332317166794,358209,7.089281505478711,216383,6.517157414417548,195484,4.939081622424523,219474,-141826,-20899,23990
2141,PARKER HANNIFIN CORP,128.64083958049238,424593,119.70849855320972,438557,125.72956059295437,960681,114.14993630192616,736286,13964,522124,-224395
2142,PARKERVISION INC,4.548123055744873,148193,4.804042882841664,96169,1.480777068333107,147220,1.1393272628552609,224694,-52024,51051,77474
2143,PARKWAY PPTYS INC,19.290043423086328,780921,18.24985520275936,925432,20.649422302998836,985984,18.780303367287928,1124050,144511,60552,138066
2144,PARTNERRE LTD,105.43402777777777,57600,103.50249449680858,117659,109.21266262046282,143509,109.89427906476328,176597,60059,25850,33088
2145,PATTERN ENERGY GROUP INC,30.30851430541193,232080,27.127771911298836,189400,33.10854458846755,331274,30.918942458273662,716454,-42680,141874,385180
2146,PATTERSON COMPANIES INC,41.20215936004089,219139,41.75892338374084,254724,39.51057209459945,389516,41.43295048396739,314484,35585,134792,-75032
2147,PATTERSON UTI ENERGY INC,25.319643272881045,631407,31.679668010698013,934006,34.93911908716378,741776,32.530802490696026,664232,302599,-192230,-77544
2148,PAYCHEX INC,45.530081175744456,2665205,42.59972570952922,1912571,41.55983971135901,2437353,44.20038749274156,2128556,-752634,524782,-308797
2149,PBF ENERGY INC,31.461861832673197,329224,25.80087017472957,791795,26.649875666399172,656701,23.999870714464194,1608842,462571,-135094,952141
2150,PC-TEL INC,9.570003340061863,68861,8.739268240145242,32497,8.10482236930974,29612,7.600916787501753,42758,-36364,-2885,13146
2151,PDC ENERGY INC,53.21861764640664,180388,62.260154115371634,228011,63.153238236006615,284831,50.28441410693971,131850,47623,56820,-152981
2152,PDF SOLUTIONS INC,25.59682390429922,19143,18.1731371788368,33511,21.208850512682137,18530,12.644157287758787,14394,14368,-14981,-4136
2153,PDL BIOPHARMA INC,8.439702863910206,300603,8.313245162551306,153490,9.677295354513827,208116,7.470794062870365,283504,-147113,54626,75388
2154,PEABODY ENERGY CORP,19.53027983617143,1107255,16.340284398559998,1432778,16.349440396305482,1631065,12.380077307600338,1141673,325523,198287,-489392
2155,PEARSON PLC,22.396905608584444,128232,17.80744564998185,99172,19.809847015729368,148512,20.021837466853846,160275,-29060,49340,11763
2156,PEBBLEBROOK HOTEL TR,30.759760362483696,1783694,33.76978010994763,1916003,36.96024096498736,2128774,37.34013389002856,2457838,132309,212771,329064
2157,PEDEVCO CORP,2.152703031144752,28801,2.0762711864406778,23600,2.039290326966216,14711,1.6456810440506715,52258,-5201,-8889,37547
2158,PEGASYSTEMS INC,49.179828502672976,131314,35.3236098450319,74596,21.11690840976837,235167,19.107856781937294,225614,-56718,160571,-9553
2159,PEMBINA PIPELINE CORP,35.2302017377984,503971,38.081035177506884,531078,43.000398113235086,959526,42.140214064351866,2142253,27107,428448,1182727
2160,PENGROWTH ENERGY CORP,6.200171121320933,587887,6.081170162896988,546112,7.178779910530478,395889,5.199743838232711,352902,-41775,-150223,-42987
2161,PENN NATL GAMING INC,14.323471736720949,35187,12.325099099572101,76186,12.140180325098061,171579,11.231910144718842,13889,40999,95393,-157690
2162,PENN VA CORP,9.430487561578245,390966,17.48995699887788,1364383,16.952389266578642,183278,12.713061493549302,84952,973417,-1181105,-98326
2163,PENN WEST PETE LTD NEW,8.36161314370749,347421,8.360373289386013,507274,9.76055937850884,658159,6.750062425994988,496588,159853,150885,-161571
2164,PENNANTPARK INVT CORP,11.599922608818215,1142249,11.049903802164607,797835,11.460185277233837,432541,10.910255892799482,396416,-344414,-365294,-36125
2165,PENNEY J C INC,9.149996770727526,4257925,8.620095803296223,4543685,9.049771683013848,2183149,10.040066423017848,2727970,285760,-2360536,544821
2166,PENNSYLVANIA RL ESTATE INVT,18.980912153130514,261842,18.052265516768557,211497,18.81947225938772,352029,19.940313908969923,341118,-50345,140532,-10911
2167,PENNYMAC MTG INVT TR,22.964427651285266,102158,23.900336833762626,121128,21.936616830455566,207279,21.425692510625826,218336,18970,86151,11057
2168,PENSKE AUTOMOTIVE GRP INC,47.15609432939577,116231,42.75411532615375,123684,49.49862725565672,288109,40.58949365300398,198204,7453,164425,-89905
2169,PEOPLES FED BANCSHARES INC,17.75481446688586,10645,17.934568387859677,10148,18.440905280804685,15509,19.97293988789382,15521,-497,5361,12
2170,PEOPLES UNITED FINANCIAL INC,15.120047157997687,3533653,14.869959581299028,3502834,15.17004490864812,1700786,14.469604495748449,1542613,-30819,-1802048,-158173
2171,PEP BOYS MANNY MOE & JACK,12.141101676207855,475657,12.7206518147755,284498,11.458383288915687,291926,8.90996273750589,205837,-191159,7428,-86089
2172,PEPCO HOLDINGS INC,19.12984071520418,2298085,20.48010610079575,1508000,27.479918958432805,2021185,26.75982580894107,1451280,-790085,513185,-569905
2173,PEPSICO INC,82.93993363582909,6937177,83.49998483777216,5012456,89.33999902781568,5081341,93.0900306975144,4127370,-1924721,68885,-953971
2174,PEREGRINE PHARMACEUTICALS IN,1.4019573481437546,37091,1.9062604012224276,33049,1.8782966679531712,38865,1.3346486392386698,17233,-4042,5816,-21632
2175,PEREGRINE SEMICONDUCTOR CORP,7.404365172494719,85220,6.050074016862973,77685,6.864347420032687,42830,12.369382618981595,284897,-7535,-34855,242067
2176,PERFICIENT INC,23.41305229023105,123350,18.12600922302556,68741,19.48034819308889,75820,14.983729788361122,39643,-54609,7079,-36177
2177,PERFUMANIA HLDGS INC,6.3411078717201175,13720,6.774169796038582,13581,6.789667896678966,13550,6.3782371474679165,13013,-139,-31,-537
2178,PERKINELMER INC,41.229856851403646,3567342,45.059979603406866,2437662,46.839255396785184,1057852,43.60001333991723,929541,-1129680,-1379810,-128311
2179,PERNIX THERAPEUTICS HLDGS IN,2.5220418117014405,47977,5.357336123236768,55438,8.980410406417588,361008,7.6809022629493695,164564,7461,305570,-196444
2180,PETMED EXPRESS INC,16.636744464392578,41775,13.417548651416864,29290,13.481595809363453,171048,13.599444874186648,175816,-12485,141758,4768
2181,PETROBRAS ARGENTINA S A,5.56125657916515,30209,5.5619999405133695,33621,6.49925677598912,63238,6.53873330267718,89161,3412,29617,25923
2182,PETROCHINA CO LTD,109.74855729596045,38816,108.49826448750662,43503,125.54622422504438,58584,128.5189075630252,76160,4687,15081,17576
2183,PETROLEO BRASILEIRO SA PETRO,13.901930386904926,3625180,13.216777013369367,3584762,14.818417910092881,3953391,14.436270696335466,8702386,-40418,368629,4748995
2184,PETROQUEST ENERGY INC,4.321418645480983,295042,5.697731339929861,124611,7.512374611240089,45658,5.620118117736712,20996,-170431,-78953,-24662
2185,PETSMART INC,72.74972596839808,2449535,68.90983274648363,1849707,59.7978386005631,303322,70.09536688782771,141978,-599828,-1546385,-161344
2186,PFIZER INC,30.630026548038305,36123573,32.119981983022896,34065648,29.680007911347413,36049485,29.57000383433629,39636586,-2057925,1983837,3587101
2187,PG&E CORP,40.27996212383341,4653058,43.20005189473709,4748073,48.01994932015395,5281784,45.040046615194356,6101015,95015,533711,819231
2188,PGT INC,10.120275807859251,173019,11.506613614367135,37196,8.474576271186441,35754,9.316445095781427,28659,-135823,-1442,-7095
2189,PHARMACYCLICS INC,105.78002650781279,967262,100.2195822737775,1307938,89.71056348420012,711555,117.42954949229414,484631,340676,-596383,-226924
2190,PHARMERICA CORP,21.500497992081748,282133,27.979725104981775,216228,28.586078707857965,195025,24.432017159866923,182752,-65905,-21203,-12273
2191,PHH CORP,24.34944939922198,185343,25.83846230664515,190259,22.979033309057456,104356,22.37087797538116,55161,4916,-85903,-49195
2192,PHILIP MORRIS INTL INC,87.13009566669636,5488953,81.87019398596614,5182179,84.31006608934413,4999747,83.39991582439447,3390531,-306774,-182432,-1609216
2193,PHILIPPINE LONG DISTANCE TEL,60.10013152870297,47138,61.03500761035008,26280,67.39786997297726,37746,69.00609080841639,14448,-20858,11466,-23298
2194,PHILLIPS 66,77.13026097557518,2327919,77.06031950477417,2739114,80.42996180854996,1948080,81.30988586703607,1738411,411195,-791034,-209669
2195,PHILLIPS 66 PARTNERS LP,37.929632531998614,949416,48.569681698595616,863584,75.55964490101313,296706,66.74823112040261,252561,-85832,-566878,-44145
2196,PHOENIX COS INC NEW,61.417220268333985,15354,51.79190751445086,4325,48.42538376325368,6319,55.97500650872168,3841,-11029,1994,-2478
2197,PHOENIX NEW MEDIA LTD,9.629632861158493,687669,10.370185426579841,688898,10.712337527979988,212652,9.3521421107628,38280,1229,-476246,-174372
2198,PHOTRONICS INC,9.028063650687752,70447,8.529158562637503,62726,8.60500262159578,32423,8.0501926048947,43353,-7721,-30303,10930
2199,PICO HLDGS INC,23.10850813253971,31417,26.006412540078372,19649,23.769968051118212,23475,19.973921289710766,16872,-11768,3826,-6603
2200,PIEDMONT NAT GAS INC,33.1597098866984,182963,35.38846930382113,53492,37.408687145990136,63381,33.532075816953586,65579,-129471,9889,2198
2201,PIEDMONT OFFICE REALTY TR IN,16.51990510615249,3548386,17.150185248334704,3296116,18.940079457414445,3249036,17.63996789088489,3292523,-252270,-47080,43487
2202,PIER 1 IMPORTS INC,23.078410034651622,279352,18.880175179508072,235644,15.409380581710732,226745,11.890066414905712,328089,-43708,-8899,101344
2203,PILGRIMS PRIDE CORP NEW,16.249382818942124,791907,20.920615318003687,812978,27.360136552634568,1189285,30.559812817472665,1395002,21071,376307,205717
2204,PIMCO ETF TR,99.99416745244044,205742,76.87476710642557,238843,79.77339271312964,251713,86.64872616931619,361194,33101,12870,109481
2205,PIMCO NY MUNICIPAL INCOME FD,10.142180094786731,21100,11.042654028436019,21100,11.706161137440755,21100,11.753554502369669,21100,0,0,0
2206,PINNACLE ENTMT INC,25.990829916516443,709481,23.702821165848693,182974,25.181800835329785,188668,25.0894879400109,365133,-526507,5694,176465
2207,PINNACLE FINL PARTNERS INC,32.53019664437187,1297164,37.4901833087517,1252968,39.48005265814388,1254127,36.10006521681881,1291078,-44196,1159,36951
2208,PINNACLE FOODS INC DEL,27.45767440006908,150559,29.82107355864811,11066,32.89984075782941,587784,32.64904932729811,159729,-139493,576718,-428055
2209,PINNACLE WEST CAP CORP,52.91863908966354,609445,54.65967956875044,499015,57.84138205761016,436798,54.637229712830546,307867,-110430,-62217,-128931
2210,PIONEER ENERGY SVCS CORP,8.01216795611871,333992,12.950602133157732,501135,17.539233692786095,549910,14.020498394535256,535359,167143,48775,-14551
2211,PIONEER NAT RES CO,184.07050838325367,1069036,187.14088541579213,893343,229.81051856058568,651515,196.9702272417064,571462,-175693,-241828,-80053
2212,PIPER JAFFRAY COS,39.55215465163109,310375,45.78410311493018,52136,51.76844820730655,103113,52.23967206874301,215411,-258239,50977,112298
2213,PITNEY BOWES INC,23.29994591446164,1922880,25.99108903523459,860064,27.620227651142642,821608,24.99101912742575,682005,-1062816,-38456,-139603
2214,PLAINS ALL AMERN PIPELINE L,51.76997171341525,8385247,55.11997886143338,8916404,60.049986269334326,9930327,58.86006220853688,10313054,531157,1013923,382727
2215,PLAINS GP HLDGS L P,26.769957919512482,10886756,27.980015545013337,10907678,31.989968657664495,12479287,30.649955862584985,12065727,20922,1571609,-413560
2216,PLANET PAYMENT INC,2.756619513964454,13785,2.769535113748764,15165,2.848500126039829,39670,1.9690516448002051,46723,1380,24505,7053
2217,PLANTRONICS INC NEW,46.445871091848794,86294,44.45052107070155,65826,48.04827456156893,53030,47.77514721058702,49419,-20468,-12796,-3611
2218,PLATINUM UNDERWRITER HLDGS L,61.28872978644611,32404,60.100485467766205,47171,64.82132237660161,18497,60.857409133271204,21460,14767,-28674,2963
2219,PLEXUS CORP,43.28195137362275,75967,40.10147331446971,10249,43.293170618437,38759,36.97131026323573,13524,-65718,28510,-25235
2220,PLUG POWER INC,1.5807560137457044,14550,7.099981709648992,240564,4.680530250675377,413842,4.589066392160869,127259,226014,173278,-286583
2221,PLUM CREEK TIMBER CO INC,46.51041349359002,804293,42.04107916302608,748506,45.099336564081476,615131,39.0093317109925,410107,-55787,-133375,-205024
2222,PLY GEM HLDGS INC,18.034468377686856,177438,12.629524778055684,72766,10.108695652173912,46000,10.839271203400875,148903,-104672,-26766,102903
2223,PMC-SIERRA INC,6.429853600493881,4595439,7.610020381505278,4251894,7.610154955569826,4454180,7.459748297445537,2892859,-343545,202286,-1561321
2224,PNC FINL SVCS GROUP INC,77.58007507294846,2555914,86.99991898669974,2271232,89.05014524814301,2129115,85.58020840404401,1811961,-284682,-142117,-317154
2225,PNM RES INC,24.123240441838504,182148,27.02448929290321,170401,29.330514966566817,1193126,24.91017177970643,1584413,-11747,1022725,391287
2226,POLARIS INDS INC,145.6382156995269,165712,139.70588235294122,125664,130.24406960362487,131315,149.79021755510257,126083,-40048,5651,-5232
2227,POLYCOM INC,11.229996812369835,7422442,13.718772934857874,385603,12.530095662362076,388345,12.285134227615421,1289526,-7036839,2742,901181
2228,POLYONE CORP,35.35010530325096,2856512,36.65978123814698,2341176,42.13995894867949,2517824,35.580225177631185,1815278,-515336,176648,-702546
2229,POLYPORE INTL INC,38.89863831304724,106559,34.2064028906337,116791,47.73126846968167,106932,38.90890978875509,102393,10232,-9859,-4539
2230,POOL CORPORATION,58.139534883720934,99244,61.30296531834652,13523,56.56299227021285,27297,53.89295914566,24159,-85721,13774,-3138
2231,POPULAR INC,28.72010738966872,60341,30.993251888367144,153969,34.184955206901456,105485,29.43214386948443,63502,93628,-48484,-41983
2232,PORTFOLIO RECOVERY ASSOCS IN,52.845347870510814,157573,57.86710121310882,55230,59.5072059507206,27963,52.230685527747546,18380,-102343,-27267,-9583
2233,PORTLAND GEN ELEC CO,30.2001785031238,1568600,32.34003619515935,2037289,34.669624134687304,2013434,32.119873263679516,2189112,468689,-23855,175678
2234,PORTUGAL TELECOM SGPS S A,4.315573851997693,100566,4.268824329508597,143365,3.6606118168506874,101076,2.0898881565349194,304801,42799,-42289,203725
2235,POSCO,78.00266146752081,64626,69.40856900028331,60007,74.44028315087661,97192,75.89514364203569,107385,-4619,37185,10193
2236,POST HLDGS INC,49.2663160115527,137457,55.116700873466655,83804,50.91405547600812,60062,33.17100223566316,57701,-53653,-23742,-2361
2237,POST PPTYS INC,45.230000584613855,889476,49.10029151017051,1082295,53.46020684352514,1125005,51.339826501972176,1044277,192819,42710,-80728
2238,POTASH CORP SASK INC,32.96007778514148,1308219,36.21975536756149,1517542,37.959959005959796,765965,34.55964402989949,1439222,209323,-751577,673257
2239,POTLATCH CORP NEW,41.74027326181759,117177,38.692869319095564,62182,41.405784631676475,75545,40.21722132976984,70343,-54995,13363,-5202
2240,POWELL INDS INC,66.99099791726402,317371,64.76683937823833,3860,65.38729080567944,24439,40.85244450999189,13561,-313511,20579,-10878
2241,POWER INTEGRATIONS INC,55.8255351620547,74697,65.7852215087606,71171,57.53992535030289,261488,53.90248729959754,30314,-3526,190317,-231174
2242,POWERSHARES ACTIVE MNG ETF T,23.077034441822423,69073,21.912129985602864,63207,22.522802976060767,64246,24.271844660194173,45526,-5866,1039,-18720
2243,POWERSHARES DB CMDTY IDX TRA,25.661881329049567,147534,26.123014856957287,160127,26.572697855536667,72932,23.21609947205697,89593,12593,-87195,16661
2244,POWERSHARES DB G10 CURCY HAR,25.41930297874184,415511,26.157967427676283,107883,26.09365917763906,79138,25.70638112559879,78074,-307628,-28745,-1064
2245,POWERSHARES ETF TR II,34.34505775462943,568699,35.05229576384121,569549,36.32345962399209,478341,38.710825723243744,365195,850,-91208,-113146
2246,POWERSHARES ETF TRUST,18.658341388748887,1400714,40.50115036901661,2426178,32.90692962761223,1204336,36.141439136807726,2153124,1025464,-1221842,948788
2247,POWERSHARES ETF TRUST II,25.002558055378774,8013900,24.92990669914902,10708584,25.070279159995245,9434518,24.185622464741968,8845007,2694684,-1274066,-589511
2248,POWERSHARES GLOBAL ETF FD,20.75335774130836,101333,21.09433245135732,68407,21.396697902722,44820,21.18006423646205,44523,-32926,-23587,-297
2249,POWERSHARES GLOBAL ETF TRUST,23.11715005066609,417439,21.29488753018897,707212,21.443779240648727,654269,21.680708378534494,567832,289773,-52943,-86437
2250,POWERSHARES QQQ TRUST,87.95990715332185,14715443,87.66998210840876,17720615,93.91001412500832,13738045,98.79002583000141,7425861,3005172,-3982570,-6312184
2251,POWERSHS DB MULTI SECT COMM,25.43160913745393,178518,19.94482537187953,236703,31.772317646152658,51932,29.832884557849297,23397,58185,-184771,-28535
2252,POWERSHS DB US DOLLAR INDEX,22.084771645257746,233781,22.17435242806234,188010,22.139765760537387,161971,23.180396007947564,131361,-45771,-26039,-30610
2253,POZEN INC,8.034353788613382,72190,8.006194775923339,72319,8.32494327317535,66547,7.346763670164274,55943,129,-5772,-10604
2254,PPG INDS INC,189.66008751287544,743662,193.459891909295,596351,210.15086263837884,529886,196.7400139056181,408468,-147311,-66465,-121418
2255,PPL CORP,30.53278697024412,2410851,33.59439434281228,2220043,35.52987980362282,2410056,32.84022765765903,2359332,-190808,190013,-50724
2256,PRANA BIOTECHNOLOGY LTD,7.013276053932352,38641,2.805327914117205,45271,2.2717198581560285,36096,2.1249603552172536,31530,6630,-9175,-4566
2257,PRAXAIR INC,130.02914002880507,925531,130.9687879555662,880141,132.8397525444023,1002200,128.99931099666978,905656,-45390,122059,-96544
2258,PRECIDIAN ETFS TR,18.529565887196146,1047677,17.099875165125674,3716109,17.750082680136696,3537730,17.555070450486205,3527300,2668432,-178379,-10430
2259,PRECISION CASTPARTS CORP,269.29953336339764,937989,252.76033490319202,840840,252.40058518419997,939875,236.88004489144038,810845,-97149,99035,-129030
2260,PRECISION DRILLING CORP,9.371924837162807,64021,11.975909196201064,86340,14.158558078227514,67521,10.799113157308495,94267,22319,-18819,26746
2261,PREFERRED APT CMNTYS INC,8.059065148442782,19233,8.044806517311608,19640,8.857783367051232,18289,8.297525559342125,20247,407,-1351,1958
2262,PREMIERE GLOBAL SVCS INC,11.589974798249102,4310018,12.059804620693267,4316322,13.350025917965848,3628757,11.970058739446234,3506332,6304,-687565,-122425
2263,PRESTIGE BRANDS HLDGS INC,35.79932250489121,1347316,27.250570588399796,1394613,33.88995365803891,1122309,32.369989687865704,949367,47297,-272304,-172942
2264,PRGX GLOBAL INC,6.705839391826843,30123,6.926564742874067,43889,6.380563820976104,32599,5.858907931446791,25090,13766,-11290,-7509
2265,PRICE T ROWE GROUP INC,83.76995651587144,2852765,82.34968327044895,2600010,84.41031256785206,1483006,78.39964986681356,662605,-252755,-1117004,-820401
2266,PRICESMART INC,115.55624841670401,51317,100.93382522480977,52044,87.04895104895105,53625,85.64061299879303,54682,727,1581,1057
2267,PRIMERICA INC,42.90800778438992,159807,47.10884232828308,140653,47.84760065727786,107717,48.22616407982262,99220,-19154,-32936,-8497
2268,PRINCIPAL FINL GROUP INC,49.310019433831606,5971545,45.989992736842225,6329203,50.479951651220134,6221460,52.47006457837549,5576170,357658,-107743,-645290
2269,PRIVATEBANCORP INC,28.930121824508657,2735246,30.50998779912189,2694888,29.060111030214774,2812928,29.9100104844194,2855666,-40358,118040,42738
2270,PROASSURANCE CORP,48.47961164894474,1260303,44.52921784943779,1207926,44.39960617957725,1234065,44.070151821917285,1289603,-52377,26139,55538
2271,PROCTER & GAMBLE CO,81.41003602733863,10366572,80.59997101589295,10888726,78.58994145853603,10182868,83.74002402464558,8638629,522154,-705858,-1544239
2272,PROGENICS PHARMACEUTICALS IN,5.328877945831867,113720,4.097027067001924,67610,4.303216443349422,59258,5.191725942277818,48924,-46110,-8352,-10334
2273,PROGRESS SOFTWARE CORP,25.827444497479533,171794,21.800233084253104,43761,24.03226709988236,17851,23.90876917027133,101720,-128033,-25910,83869
2274,PROGRESSIVE CORP OHIO,27.26986775344976,1681783,24.220087668318726,1662174,25.35996321080841,1765736,25.279939627477933,948776,-19609,103562,-816960
2275,PROGRESSIVE WASTE SOLUTIONS,24.75017730334548,1314132,25.3099588850842,1815886,25.669765773898806,1843219,25.769460369362488,1487536,501754,27333,-355683
2276,PROLOGIS INC,36.95010095504024,3415877,40.83019212165731,2937826,41.09017230892368,3018532,37.700083442300155,3144688,-478051,80706,126156
2277,PROOFPOINT INC,33.17034113980155,34971,37.092925322852324,28496,37.44659462176426,15916,37.14870248734791,9287,-6475,-12580,-6629
2278,PROS HOLDINGS INC,39.88911689527307,27777,31.495564005069703,31560,26.444896493957163,16714,25.1774248056776,11836,3783,-14846,-4878
2279,PROSHARES TR,40.4735794049196,11213241,48.13014137498372,4482264,57.48834231701903,3174087,56.139904962658825,2816998,-6730977,-1308177,-357089
2280,PROSHARES TR II,27.6833496725785,706887,54.51547660135301,559199,56.07005801325797,389049,31.466023908237187,235651,-147688,-170150,-153398
2281,PROSPECT CAPITAL CORPORATION,11.2199217440611,638418,10.796366731674725,92809,10.624667258207632,563500,9.900220107219127,977251,-545609,470691,413751
2282,PROSPERITY BANCSHARES INC,63.390391331685095,1078318,66.15029686109143,1034659,62.60053100638792,1085486,57.17075147413596,1006861,-43659,50827,-78625
2283,PROTALIX BIOTHERAPEUTICS INC,3.896736483195324,28742,4.571187453848588,28439,3.648898119303104,69336,2.4339482874175453,28349,-303,40897,-40987
2284,PROTECTIVE LIFE CORP,50.66155086187798,424306,52.5895639625625,195419,69.32837049640011,200423,69.41018439369887,327560,-228887,5004,127137
2285,PROTHENA CORP PLC,26.528258362168398,97104,38.28954723309111,32202,22.557534385455035,59182,22.15709468406278,56641,-64902,26980,-2541
2286,PROTO LABS INC,71.13136516742621,5047,67.72697150430749,7545,81.87984496124031,4128,69.0167343301317,10099,2498,-3417,5971
2287,PROVIDENCE SVC CORP,25.715452923090158,46509,28.282576135796305,40060,36.59541466724832,20631,48.365577051367566,14990,-6449,-19429,-5641
2288,PROVIDENT FINL SVCS INC,19.319976350368982,1963667,18.36978409305617,1915918,17.319768205031355,1927393,16.369833370545518,1890062,-47749,11475,-37331
2289,PRUDENTIAL FINL INC,92.21992732585771,6417138,84.6499390107832,6076484,88.77005564478188,5424408,87.94004027419642,5013632,-340654,-652076,-410776
2290,PRUDENTIAL PLC,45.003799116281996,206627,42.54233612952326,235201,45.88160792732226,251081,44.51133144475921,282400,28574,15880,31319
2291,PS BUSINESS PKS INC CALIF,76.42032348005162,897366,83.61998901702361,910500,83.49003768558941,1175781,76.140012167632,1137444,13134,265281,-38337
2292,PTC INC,35.389878970892354,4955089,35.41989104325192,3464494,38.8000026780341,4032809,36.8997782620331,1255536,-1490595,568315,-2777273
2293,PUBLIC STORAGE,150.51973827774566,1154812,168.49058997174876,1016947,171.35006751571547,850913,165.83990966578614,790841,-137865,-166034,-60072
2294,PUBLIC SVC ENTERPRISE GROUP,32.040223560862735,1885661,38.14027531793583,1663386,40.78987686432719,2003806,37.23977812830466,1634999,-222275,340420,-368807
2295,PULASKI FINL CORP,11.255753739930956,27808,10.556997120818966,28133,11.413141314131416,27775,11.518209741114525,27348,325,-358,-427
2296,PULTE GROUP INC,20.370169207324427,3525793,19.189816185489395,3782944,20.15995124104816,2815483,17.6599170154724,3073344,257151,-967461,257861
2297,PUMA BIOTECHNOLOGY INC,103.48468848996832,2841,104.10874266295951,6474,66.0007418790737,37742,238.58064516129036,23250,3633,31268,-14492
2298,PUTNAM MASTER INTER INCOME T,5.041299879784388,77361,5.166972986094254,28837,5.166475315729048,19162,5.0132582035134226,24136,-48524,-9675,4974
2299,PUTNAM PREMIER INCOME TR,5.44173353427559,122755,5.529893956151193,30742,5.559673832468495,10792,5.469116235462196,44797,-92013,-19950,34005
2300,PVH CORP,136.0201324895452,5674410,124.77008603188706,5911994,116.59998249483705,6603766,121.14993892885671,6417106,237584,691772,-186660
2301,QAD INC,17.670983123743632,21391,20.429152447290914,21391,21.31737646673835,21391,18.60595577579356,21391,0,0,0
2302,QEP MIDSTREAM PARTNERS LP,23.21981897344923,981403,23.37998718345675,1714971,25.75019912183943,1728841,23.689740019265226,1602888,733568,13870,-125953
2303,QEP RES INC,30.65039227877883,1280212,29.44047566224431,1171924,34.50000129767552,1155913,30.7801311289226,5758455,-108288,-16011,4602542
2304,QIAGEN NV,23.807206217128506,318475,21.091028129165014,299369,24.451089257181174,817346,22.77008215711317,761833,-19106,517977,-55513
2305,QIHOO 360 TECHNOLOGY CO LTD,82.04943929753972,804259,99.5811657996532,374850,92.04147617713123,239077,67.4699995709776,722573,-429409,-135773,483496
2306,QIWI PLC,56.005768137135426,98472,34.65637719690375,42503,40.331852920621316,44357,31.59288687097995,79290,-55969,1854,34933
2307,QLIK TECHNOLOGIES INC,26.628906832234286,194563,26.58652686072784,45587,22.621626737900428,95086,27.05091612190406,54305,-148976,49499,-40781
2308,QLOGIC CORP,11.832691249312052,178066,12.747736943563506,112569,10.089026893755738,96937,9.147457006952068,27330,-65497,-15632,-69607
2309,QUAD / GRAPHICS INC,27.22880663241476,137024,23.44830180870776,106319,22.369299119671634,109391,19.253043914451183,109645,-30705,3072,254
2310,QUAKER CHEM CORP,77.06986172610215,353212,78.82952314506839,369798,76.79149653484698,442549,71.69096350646844,414320,16586,72751,-28229
2311,QUALCOMM INC,74.2499580384394,21495864,78.85994877663381,16916889,79.20000899286828,15389973,74.77006041646531,14195468,-4578975,-1526916,-1194505
2312,QUALITY SYS INC,21.061588829121927,292618,16.880318150699857,2134083,16.04984080401935,2134476,13.770157408212153,2082547,1841465,393,-51929
2313,QUANEX BUILDING PRODUCTS COR,19.918865442647604,90467,20.70822116380203,14487,17.854550733052694,48223,18.10911430803879,43514,-75980,33736,-4709
2314,QUANTA SVCS INC,31.56002301107834,3403578,36.900015676684546,3310649,34.5799362999583,3309260,36.28986986789239,3259918,-92929,-1389,-49342
2315,QUANTUM CORP,1.2030919077655162,260163,1.2184448524995282,291355,1.2196164901073483,268937,1.160808212718105,165402,31192,-22418,-103535
2316,QUEST DIAGNOSTICS INC,53.53960115803264,1236580,57.919667499307785,671758,58.689844801891795,792471,60.680788783136606,923752,-564822,120713,131281
2317,QUESTAR CORP,22.99032554882115,536878,23.779651465694148,376204,24.801851162295872,375980,22.29085293850486,275225,-160674,-224,-100755
2318,QUICKLOGIC CORP,3.9524531624516945,102215,5.210864822706259,88469,5.1703594428210735,422988,2.991211923282465,134728,-13746,334519,-288260
2319,QUICKSILVER RESOURCES INC,3.0673763560451586,226578,2.6301190709092324,1865695,2.6692227103277393,998418,0.60423444296387,249903,1639117,-867277,-748515
2320,QUIDEL CORP,30.887866394001364,93888,27.305353632332096,87492,22.104709978322273,91338,26.866440009009104,93239,-6396,3846,1901
2321,QUIKSILVER INC,8.768756993202016,295823,7.5159447092016975,42177,3.579247977153736,105050,1.7121396222246767,18106,-253646,62873,-86944
2322,QUINSTREET INC,8.689191141565706,145353,6.638601036269431,92640,5.504481397158419,104097,4.1461322389114095,118906,-52713,11457,14809
2323,QUINTILES TRANSNATIO HLDGS I,46.34333814514163,106682,50.78353408958017,34204,53.27417289538728,33581,55.77846677609581,65796,-72478,-623,32215
2324,RACKSPACE HOSTING INC,39.129787605350415,779304,32.817876929597645,297277,33.65760830902753,337368,32.547952770482496,318699,-482027,40091,-18669
2325,RADIAN GROUP INC,14.119995389305243,3886616,15.030066838140032,3728859,14.8099173553719,5354250,14.260062761752641,5859301,-157757,1625391,505051
2326,RADIOSHACK CORP,2.5985360918810625,100826,2.1204895808763604,428203,0.9907808407849096,2654472,0.9903127948946242,1500536,327377,2226269,-1153936
2327,RADISYS CORP,2.2845449831111857,71349,3.59179275355812,66819,3.4832570248675823,55695,2.6771372479029094,61633,-4530,-11124,5938
2328,RADWARE LTD,17.980023328188906,1766961,17.680064691252998,1899484,16.87025100431002,1946859,17.659890331128928,1880023,132523,47375,-66836
2329,RAIT FINANCIAL TRUST,8.977416187403563,21387,8.483449220113291,37249,8.266321767980655,35566,7.420047053956928,38679,15862,-1683,3113
2330,RALPH LAUREN CORP,176.5693865745839,681126,160.93058035570397,775645,160.69037651175591,730442,164.7297719462668,160050,94519,-45203,-570392
2331,RAMBUS INC DEL,9.468904489593504,516216,10.750154864785273,492365,14.300183687833686,407757,12.481270039044249,372398,-23851,-84608,-35359
2332,RAMCO-GERSHENSON PPTYS TR,15.744171911456188,153009,16.29817117050051,201495,16.618463584762672,258628,16.246843895133516,184959,48486,57133,-73669
2333,RAND LOGISTICS INC,5.763618080592549,40773,6.887052341597795,37026,5.9948125118092666,58217,5.703118059873856,56285,-3747,21191,-1932
2334,RANDGOLD RES LTD,62.81833616298811,42997,74.999574735911,117574,84.6011152395648,179513,67.58821684089092,98819,74577,61939,-80694
2335,RANGE RES CORP,84.30986141512399,2667102,82.9703129826748,1874321,86.94984389010203,1647237,67.81106840082144,569730,-792781,-227084,-1077507
2336,RAPTOR PHARMACEUTICAL CORP,13.020055998381267,2891155,10.000160670961936,2800755,11.549909139751373,3875182,9.589750710272787,1872520,-90400,1074427,-2002662
2337,RARE ELEMENT RES LTD,1.556475290954756,28269,1.4536864580020896,22013,1.3182177695755342,15172,0.6490930727344849,499158,-6256,-6841,483986
2338,RAVEN INDS INC,41.143360041070025,54541,32.74339045478665,32037,33.139376306936995,21998,24.405125076266017,24585,-22504,-10039,2587
2339,RAYMOND JAMES FINANCIAL INC,52.18994735240133,3673102,55.930016682876186,3633666,50.730053035267474,3651721,53.5799848237201,3654387,-39436,18055,2666
2340,RAYONIER INC,42.10059890510428,349805,45.91216672418191,333245,35.55036606431805,519854,31.14215874233129,250368,-16560,186609,-269486
2341,RAYTHEON CO,90.6993257834747,1366030,98.79006862308756,1309909,92.25072270229404,1477441,101.62010773658464,1034746,-56121,167532,-442695
2342,RBC BEARINGS INC,70.75084755868149,486397,63.70012372254968,500313,64.05132583065595,500177,56.70105938402257,543429,13916,-136,43252
2343,REALD INC,8.540567696558654,15924,11.178297107370486,30595,12.736179146256125,14290,9.3544289178889,17318,14671,-16305,3028
2344,REALNETWORKS INC,7.534755385758253,28269,7.581758515333258,26511,7.608364853702012,23001,6.93828973690208,39491,-1758,-3510,16490
2345,REALOGY HLDGS CORP,49.46977848964351,1613288,43.449484401737976,1749618,37.70989651504079,1591439,37.19980084114199,624627,136330,-158179,-966812
2346,REALPAGE INC,23.371063846198343,51859,18.160552897395004,47025,22.48910867773461,25479,15.520037062775073,21585,-4834,-21546,-3894
2347,REALTY INCOME CORP,37.32917786512821,1142270,40.85801245876336,344657,44.41775947951611,314784,40.79019393181108,409216,-797613,-29873,94432
2348,RED HAT INC,56.04012119945669,717825,52.98073523285408,571302,55.270113658682135,666997,56.150216382767184,2945937,-146523,95695,2278940
2349,RED LION HOTELS CORP,6.066155430925948,17474,5.8111117145495035,18413,5.491225975886357,33508,5.684354632302611,33601,939,15095,93
2350,RED ROBIN GOURMET BURGERS IN,73.54497354497354,56700,71.6826041058123,97569,71.19061042488853,78044,56.87103594080339,4730,40869,-19525,-73314
2351,REDHILL BIOPHARMA LTD,11.79310344827586,29000,14.10344827586207,29000,17.482758620689655,29000,13.172413793103447,29000,0,0,0
2352,REDIFF COM INDIA LTD,2.3154273617359094,15116,2.158696932033754,15287,3.0043759388674807,15311,2.285938214355692,15311,171,24,0
2353,REDWOOD TR INC,19.36927026035937,136350,20.282407380494238,172021,19.46763731714049,115936,16.577864358236685,77513,35671,-56085,-38423
2354,REED ELSEVIER N V,42.669079226749865,54161,43.33626428840598,63688,45.93994660587335,66674,45.18320588987749,70358,9527,2986,3684
2355,REED ELSEVIER P L C,60.04765687053217,44065,61.437882362349555,50018,64.69642726674947,54748,64.43124079376376,60421,5953,4730,5673
2356,REGADO BIOSCIENCES INC,4.779124109200872,47289,12.514591307652633,36837,6.8087252553271975,23793,1.1315556430187936,20326,-10452,-13044,-3467
2357,REGAL BELOIT CORP,73.71548409646977,57220,72.70978519480958,59263,78.54557620365584,65758,64.25225668127877,73227,2043,6495,7469
2358,REGAL ENTMT GROUP,19.44940231722156,359137,18.68003740171639,528318,21.099737532808398,381000,19.8781753199339,312252,169181,-147318,-68748
2359,REGENCY CTRS CORP,46.300116458037074,1367016,51.06028413763271,1285363,55.67953260706705,1007803,53.829962518690955,1358277,-81653,-277560,350474
2360,REGENCY ENERGY PARTNERS L P,26.260379609152146,1188749,27.22048711344157,1370071,32.20996612156625,11825222,32.61990930142707,6105719,181322,10455151,-5719503
2361,REGENERON PHARMACEUTICALS,275.2402298164547,1273364,300.2805088827813,1058790,282.47125049151833,1159672,360.521295176676,372150,-214574,100882,-787522
2362,REGIONS FINL CORP NEW,9.890100300537734,6073447,11.110131809806076,5355292,10.61992538799276,9397147,10.039846413436301,5821603,-718155,4041855,-3575544
2363,REGIS CORP MINN,14.512354070606706,142706,13.690690330575212,50034,14.06840763211114,22746,15.962379743515283,213502,-92672,-27288,190756
2364,REGULUS THERAPEUTICS INC,7.390452523419179,943244,9.019644339169224,784399,8.039615423018251,791207,6.8302262783208905,761761,-158845,6808,-29446
2365,REINSURANCE GROUP AMER INC,77.4104250795508,350405,79.63146323862588,297935,78.90023148198651,916702,80.12904729615191,943840,-52470,618767,27138
2366,RELIANCE STEEL & ALUMINUM CO,75.83995780026173,2600964,70.65956641786613,2238607,73.71026815532812,2211293,68.40027230942286,1774452,-362357,-27314,-436841
2367,RENAISSANCERE HOLDINGS LTD,97.33908490418187,389227,97.59404458883871,78181,106.99660306932155,74479,99.98921173762945,111232,-311046,-3702,36753
2368,RENASANT CORP,31.458867279762806,99495,29.04744584545748,98976,29.07669574336241,62937,27.070858283433136,16032,-519,-36039,-46905
2369,RENESOLA LTD,3.457598918525451,38466,3.2082271249011165,159278,2.9480783262014163,101422,3.0009704225007545,122627,120812,-57856,21205
2370,RENEWABLE ENERGY GROUP INC,11.459419534237053,184128,12.000872790748415,9166,11.456400742115028,21560,10.166129432184476,12099,-174962,12394,-9461
2371,RENREN INC,3.0428769017980635,21690,3.2708800576091344,461038,3.3398292684527213,457209,3.4406848756624537,61325,439348,-3829,-395884
2372,RENT A CTR INC NEW,33.34140480935795,214748,26.602537007292447,224753,28.678411816471968,231812,30.349387021545176,186956,10005,7059,-44856
2373,RENTECH INC,1.7495574715925313,437825,1.8996507535085885,511673,2.5903395189182925,612661,1.7089173415572234,455259,73848,100988,-157402
2374,RENTRAK CORP,37.873826675398384,9162,60.31192060202858,9169,52.43962543124692,10145,60.978492082250064,4231,7,976,-5914
2375,REPLIGEN CORP,13.640636217628467,135111,12.85995085995086,203500,22.79095040205932,329429,19.9095565326188,366859,68389,125929,37430
2376,REPROS THERAPEUTICS INC,18.29847908745247,63120,17.738087274511113,89694,17.291678741861322,51759,9.901828029790117,47264,26574,-37935,-4495
2377,REPUBLIC AWYS HLDGS INC,10.688109551652332,170002,9.144463783639042,74690,10.850330632392659,21474,11.1008600934496,33601,-95312,-53216,12127
2378,REPUBLIC SVCS INC,33.200108501666065,999063,34.160416999095794,752040,37.97079103288174,923552,39.02076126235417,1244722,-247023,171512,321170
2379,RESMED INC,47.08122538129818,214268,44.69004916929236,390691,50.630027115091025,219435,49.27152475153473,168434,176423,-171256,-51001
2380,RESOLUTE ENERGY CORP,3.0811487564412583,675722,2.4293770445795078,684126,3.5214880917587306,769845,6.267111169053695,107386,8404,85719,-662459
2381,RESOLUTE FST PRODS INC,16.01460256233641,116144,20.099327270976357,72689,16.781127992850088,85036,15.63557308838562,69457,-43455,12347,-15579
2382,RESOURCE CAP CORP,5.92740620938139,236191,5.5709398924906335,214865,5.6291451675245865,651964,4.8701590843651035,444544,-21326,437099,-207420
2383,RESOURCES CONNECTION INC,14.331978226417696,101591,14.090940233402607,43787,13.11470605474474,68244,13.932233615693267,53832,-57804,24457,-14412
2384,RESPONSE GENETICS INC,1.1477212950121949,20911,1.1957635804578066,35124,0.9231512121685532,70411,0.6832837478113567,70249,14213,35287,-162
2385,RESTORATION HARDWARE HLDGS I,67.30003595632553,842689,73.5898727882228,1978669,93.04981875583496,2511805,79.54980001839786,2630742,1135980,533136,118937
2386,RETAIL OPPORTUNITY INVTS COR,6.366133790181151,295941,6.47951776598805,298942,9.507659429937103,403359,4.1489415364955535,237892,3001,104417,-165467
2387,RETAIL PPTYS AMER INC,12.719710893703748,2608314,13.540114928241561,2614675,15.379904373901422,2488442,14.629860649056786,2992373,6361,-126233,503931
2388,RETAILMENOT INC,28.81257275902212,20616,32.015240927466195,21521,26.61144508491864,64709,16.15506140961829,58867,905,43188,-5842
2389,REVENUESHARES ETF TR,44.63018451348368,6341,45.60155239327296,6184,47.783336208383645,5797,45.614035087719294,5985,-157,-387,188
2390,REVLON INC,24.9715938436112,38724,25.56024327434113,36502,30.490317264112072,29124,31.68080593849417,22632,-2222,-7378,-6492
2391,REX AMERICAN RESOURCES CORP,44.71523858388917,38980,57.0538672043785,55544,73.31469400434918,57942,72.88089918895659,115037,16564,2398,57095
2392,REX ENERGY CORPORATION,19.709898427582548,5641886,18.710000286682853,5197381,17.710059553639788,5204048,12.66986951951704,4542825,-444505,6667,-661223
2393,REXAHN PHARMACEUTICALS INC,0.5219985085756897,40230,1.0797708241516086,90760,0.8595384440732392,61661,0.8099574139578443,158033,50530,-29099,96372
2394,REXNORD CORP NEW,27.004692618717357,33883,28.95120174799709,16476,28.153020870041896,25539,28.439510781472567,20359,-17407,9063,-5180
2395,REYNOLDS AMERICAN INC,49.989918250300995,1542391,53.42020467515393,1904579,60.35012579603919,1407437,59.000177149935006,1405589,362188,-497142,-1848
2396,RF MICRODEVICES INC,5.1601739937393285,747843,7.878605222454736,351712,9.590059860798787,1589354,11.54018351078885,1165926,-396131,1237642,-423428
2397,RICHMONT MINES INC,0.9997708858386619,240055,1.4092071061846148,232755,1.3720359920139298,219382,1.9997554884118969,229028,-7300,-13373,9646
2398,RIGEL PHARMACEUTICALS INC,2.8497115140241496,184931,3.879671337060594,220895,3.6307964151936734,165253,1.9476529220001455,96013,35964,-55642,-69240
2399,RIGNET INC,47.91000687897058,24713,53.85011951070909,21337,53.824962915872014,18876,40.46635645945522,19127,-3376,-2461,251
2400,RING ENERGY INC,12.20679318875386,55379,15.258791125230234,59179,17.440829276944605,50743,14.733253318026055,57489,3800,-8436,6746
2401,RIO TINTO PLC,56.43036685606214,3093175,55.830114212415715,6635093,54.28015375219851,6382738,49.18009088149265,5395598,3541918,-252355,-987140
2402,RITCHIE BROS AUCTIONEERS,22.908992902704156,22262,24.13955681282414,10605,24.69359963685883,11015,22.39572632011506,48670,-11657,410,37655
2403,RITE AID CORP,5.060239520001279,1001336,6.270274335936883,1967697,7.16999298485453,3616461,4.840383020106173,2308495,966361,1648764,-1307966
2404,RIVERBED TECHNOLOGY INC,18.080304730099922,191645,19.710814234111204,383698,20.628983387315852,239275,18.544406309050945,207448,192053,-144423,-31827
2405,RLI CORP,97.37909182106532,308023,44.240752829995955,675531,45.77999438498704,680319,43.2907085892852,663699,367508,4788,-16620
2406,RLJ ENTMT INC,4.7897718365159845,427369,4.4589949874745995,422741,3.8203060502766473,422741,3.8709341586278527,422637,-4628,0,-104
2407,RLJ LODGING TR,24.32046098216989,898256,26.73904635615227,723960,28.88995513956504,3636835,28.469899907345177,4322495,-174296,2912875,685660
2408,RMG NETWORKS HLDG CORP,4.829984544049459,10352,5.602782071097373,10352,2.223081384109801,10346,1.6431471099942003,10346,0,-6,0
2409,RMR REAL ESTATE INCOME FUND,16.915405952725354,58763,18.56610452155268,58763,19.706277759814853,58763,18.804349675816415,58763,0,0,0
2410,ROADRUNNER TRNSN SVCS HLDG I,26.94991592232493,976478,25.24023216478569,1411239,28.099728649755093,1378661,22.789976621933608,1168189,434761,-32578,-210472
2411,ROBERT HALF INTL INC,41.98987916870336,423483,41.94915740326485,348684,47.740746762044104,461325,49.00008053042708,372530,-74799,112641,-88795
2412,ROCK-TENN CO,105.00685575852974,162637,105.5699007237724,231979,105.59026731683373,1271263,47.58014324065731,4306040,69342,1039284,3034777
2413,ROCKWELL AUTOMATION INC,118.1606845005989,535982,124.55012968829935,445684,125.16103915015907,672973,109.87948221990774,537680,-90298,227289,-135293
2414,ROCKWELL COLLINS INC,73.92025177733444,533805,79.66901417780646,528361,78.1393738027468,461995,78.49866508968272,404147,-5444,-66366,-57848
2415,ROCKWELL MED INC,10.432533409972695,34795,12.662912894692134,164812,11.988758227941721,270420,9.139791889995307,232281,130017,105608,-38139
2416,ROCKWOOD HLDGS INC,71.92014654438594,664918,74.39950336660141,62823,75.98697612178584,301907,76.4522499877585,122534,-602095,239084,-179373
2417,ROFIN SINAR TECHNOLOGIES INC,27.024560996043373,120557,23.96193606328703,52333,24.031354213222407,29087,23.042505592841163,8940,-68224,-23246,-20147
2418,ROGERS COMMUNICATIONS INC,45.2500432600796,288950,41.44144558053631,435313,40.24823204967198,312933,37.4200329385671,241662,146363,-122380,-71271
2419,ROLLINS INC,30.2926130073532,171626,30.242207204605407,207756,29.99745727553765,149446,29.28195919780196,92446,36130,-58310,-57000
2420,ROPER INDS INC NEW,138.67964209238298,627648,133.50966056244408,1090775,146.00944823986316,609214,146.28747940191053,164457,463127,-481561,-444757
2421,ROSE ROCK MIDSTREAM L P,38.700102767264745,1610435,41.49002468442351,1723354,54.63993027558651,1839241,59.14997034876143,1940897,112919,115887,101656
2422,ROSETTA RESOURCES INC,48.04018723794073,467213,46.58053791203218,611178,54.84973240016468,485800,44.560350388540776,634039,143965,-125378,148239
2423,ROSS STORES INC,74.9304745319299,636817,71.57011539454119,650984,66.12997527478332,851762,75.58021836010838,360597,14167,200778,-491165
2424,ROUNDYS INC,9.858593905596496,20084,6.879618262259388,129513,5.502241654007188,53978,3.007152145643693,12304,109429,-75535,-41674
2425,ROUSE PPTYS INC,22.191456090200106,100399,17.236846779636927,140745,17.11537191538072,90854,16.165884578532292,81406,40346,-49891,-9448
2426,ROVI CORP,19.692868072031672,161429,22.7824775944384,179085,23.959293240915102,149754,19.74550648290701,215644,17656,-29331,65890
2427,ROWAN COMPANIES PLC,35.360407797180535,422563,33.680305190093826,2223139,31.929897416356546,3944391,25.31047574055572,1049921,1800576,1721252,-2894470
2428,ROYAL BK CDA MONTREAL QUE,67.23039584709578,1388137,65.98988142550935,1957588,71.43048585193273,895458,71.45089633389688,969449,569451,-1062130,73991
2429,ROYAL BK SCOTLAND GROUP PLC,19.38849135163402,755345,21.44560784522461,1183599,22.803659210358553,1129424,20.763116117541962,527233,428254,-54175,-602191
2430,ROYAL CARIBBEAN CRUISES LTD,47.4228270921916,182739,54.56153804543242,314269,55.59687120740485,412811,67.29022166748298,1139274,131530,98542,726463
2431,ROYAL DUTCH SHELL PLC,71.95780727440572,3104611,74.23137102370418,3619952,83.46464477424651,3621162,76.57482306470841,3637488,515341,1210,16326
2432,ROYAL GOLD INC,46.067125598158405,182017,62.622416866568365,272634,76.12478395858261,255738,64.9370333801036,230916,90617,-16896,-24822
2433,RPC INC,17.85179655658325,250507,20.421451743948182,173543,23.48957264120205,530959,21.95964938421023,1093961,-76964,357416,563002
2434,RPM INTL INC,41.50736311232658,220491,41.841653391811654,290022,46.179518124548714,391927,45.778493400516425,374499,69531,101905,-17428
2435,RPX CORP,16.89876909613226,210252,16.27974512718017,175617,17.752302696971704,150910,13.727005211330123,182487,-34635,-24707,31577
2436,RTI INTL METALS INC,34.21154001200405,111629,27.78028592927013,66450,26.58521762166711,64171,24.65469015830907,69358,-45179,-2279,5187
2437,RTI SURGICAL INC,3.5374481580873383,163960,4.0822154293465225,154083,4.349909684078593,162762,4.7821884955435445,139685,-9877,8679,-23077
2438,RUBICON MINERALS CORP,0.8513158381759632,27017,1.0493808652894792,33353,1.4698752137188351,783740,1.3697714820259252,808164,6336,750387,24424
2439,RUBICON TECHNOLOGY INC,9.95708792331556,53831,11.29169819933451,83247,8.747440908244927,32238,4.257660893239877,34526,29416,-51009,2288
2440,RUBY TUESDAY INC,6.928884139405012,145045,5.622975906615894,28099,7.5990765679107355,10396,5.892793752218673,14085,-116946,-17703,3689
2441,RUDOLPH TECHNOLOGIES INC,11.740869101572914,93775,11.407286695378886,25773,9.871373018247084,26744,9.055517941773868,23632,-68002,971,-3112
2442,RUSH ENTERPRISES INC,29.639046764383288,40116,32.46863056786282,29567,34.67041389882473,39140,33.439668681441695,35736,-10549,9573,-3404
2443,RUTHS HOSPITALITY GROUP INC,14.207603588210167,117050,12.097532437684126,47861,12.355766849898481,80772,11.049895726336102,32127,-69189,32911,-48645
2444,RYANAIR HLDGS PLC,46.94258332626579,23582,58.79650895728066,21770,55.81050387057897,21573,56.41995574905431,28022,-1812,-197,6449
2445,RYDER SYS INC,73.78216417606815,172047,79.91976966128563,154555,88.09026326786461,191440,89.97496030291927,130992,-17492,36885,-60448
2446,RYDEX ETF TRUST,77.49895716700695,364392,80.0066445336022,433439,79.0453630537096,1219186,80.8813950734249,675520,69047,785747,-543666
2447,RYLAND GROUP INC,43.405938262094146,203797,39.93008671647613,133308,39.44605452683824,115246,33.241911727360446,157512,-70489,-18062,42266
2448,RYMAN HOSPITALITY PPTYS INC,41.78005660597781,1395259,42.51974601784607,1342929,48.15007714428923,714246,47.31049915666071,59881,-52330,-628683,-654365
2449,S & T BANCORP INC,25.30917929935783,121774,23.697382214413324,67729,24.854168411063668,71658,23.464268675273605,69169,-54045,3929,-2489
2450,SABRA HEALTH CARE REIT INC,26.13902429662611,130265,27.880454381536246,44368,28.69765960834262,25124,24.29682824655895,33420,-85897,-19244,8296
2451,SAEXPLORATION HLDGS INC,8.947006194081213,15983,9.38497153225302,15983,8.488328548246162,16022,8.284023668639053,15210,0,39,-812
2452,SAFEGUARD SCIENTIFICS INC,20.08280294135821,16183,22.172846363930937,21603,20.79227433977139,20296,18.39188870549399,21205,5420,-1307,909
2453,SAFETY INS GROUP INC,56.30421025201951,53726,53.819815964048786,18692,51.37717818999438,26685,53.91267665049568,23705,-35034,7993,-2980
2454,SAFEWAY INC,32.57014183056395,3157923,36.940183766097995,2438970,34.33983670161001,3099112,34.299791228918586,2967365,-718953,660142,-131747
2455,SAGA COMMUNICATIONS INC,50.27146591594611,4973,49.63503649635037,6850,42.77025701392976,5097,33.609429754698944,6278,1877,-1753,1181
2456,SAGENT PHARMACEUTICALS INC,25.379916245736734,555912,23.370450331361717,505339,25.864966521727535,187435,31.109939361982605,7586,-50573,-317904,-179849
2457,SAIA INC,32.05525125029769,62985,38.23958840297573,14383,43.941028407047824,13905,49.52098232357307,14822,-48602,-478,917
2458,SALESFORCE COM INC,55.18975546587554,5983991,57.08989670486868,2885712,58.079933080646455,6132755,57.530105010340826,5392707,-3098279,3247043,-740048
2459,SALIX PHARMACEUTICALS INC,89.94083891484712,112574,103.6095032397408,289375,123.34992602764359,489372,156.23952120146728,885717,176801,199997,396345
2460,SALLY BEAUTY HLDGS INC,30.228910619455643,198287,27.394251745999213,136598,25.081077439781357,415652,27.371558452697485,186544,-61689,279054,-229108
2461,SANCHEZ ENERGY CORP,24.502030975085262,92074,29.63499914719427,140712,37.591131302717365,176531,26.25902358403473,222057,48638,35819,45526
2462,SANDERSON FARMS INC,72.33130403085845,183807,78.49125700627594,143086,97.20125896544864,170934,87.94564292623802,171606,-40721,27848,672
2463,SANDISK CORP,70.539907345288,2362535,81.19017961776869,3391925,104.4299278993668,2892485,97.95007797236605,3347981,1029390,-499440,455496
2464,SANDRIDGE ENERGY INC,6.068593724403938,268596,6.140396305404584,1428898,7.1497760553020475,1021011,4.288967002125567,290746,1160302,-407887,-730265
2465,SANDSTORM GOLD LTD,4.285714285714286,24500,5.569620253164557,23700,6.9232100617319565,69332,4.3002268468290765,50695,-800,45632,-18637
2466,SANDY SPRING BANCORP INC,28.188771484381853,570298,24.980136714794387,577699,24.910728134274645,573809,22.88965774441421,541642,7401,-3890,-32167
2467,SANGAMO BIOSCIENCES INC,13.889776305752418,1533790,18.079770255454978,412284,15.268734839780414,469980,10.784265600689784,468553,-1121506,57696,-1427
2468,SANMINA CORPORATION,16.700270279417666,413646,17.45278450363196,103250,22.78758035836411,109665,20.862133442020923,237991,-310396,6415,128326
2469,SANOFI,50.303043579595226,2784583,45.30993578091972,1438669,42.0518314660889,1004332,40.16610934171483,955756,-1345914,-434337,-48576
2470,SAP AG,87.1399073719439,3537805,81.3100122944952,2675181,77.00001691846988,2955350,72.16003020792131,2563566,-862624,280169,-391784
2471,SAPIENT CORP,17.360864237288844,239101,17.061333156946073,241892,16.241566089416903,243511,13.999651370549525,183576,2791,1619,-59935
2472,SARATOGA RES INC TEX,1.1535401750198886,25140,1.351351351351351,27380,1.7589576547231272,15350,1.1726384364820848,15350,2240,-12030,0
2473,SAREPTA THERAPEUTICS INC,20.297897196261683,6848,24.04366654637315,22168,29.78701512501286,38876,21.09886324491905,23224,15320,16708,-15652
2474,SASOL LTD,49.43566591422122,8860,55.88185223016684,46992,59.118352254672565,138468,54.489335306339036,267612,38132,91476,129144
2475,SAUL CTRS INC,47.72781918730464,49908,47.355145831113006,28149,48.589253597122294,35584,46.74139002593172,46661,-21759,7435,11077
2476,SBA COMMUNICATIONS CORP,89.84003091360151,5908079,90.95999185584853,5088314,102.2998890100556,2886748,110.90025808410508,2305450,-819765,-2201566,-581298
2477,SCANA CORP NEW,46.9300827518457,2667010,51.3198089197633,2507219,53.80996344393938,2438173,49.61028120760285,2350541,-159791,-69046,-87632
2478,SCANSOURCE INC,42.42975770674553,131865,40.779299847793006,82125,38.07263494866983,90590,34.611926880431525,20022,-49740,8465,-70568
2479,SCHEIN HENRY INC,114.25977751941186,1647964,119.36957854263795,1292088,118.65489787706669,1327126,116.4692120470637,1229312,-355876,35038,-97814
2480,SCHLUMBERGER LTD,90.11005124530699,8647426,97.50032485719132,6810685,117.9499589454302,6392711,101.69002372294844,5024249,-1836741,-417974,-1368462
2481,SCHNITZER STL INDS,32.67727780230052,77026,28.864356667304786,47013,26.07653525084718,72594,24.04736479271145,73979,-30013,25581,1385
2482,SCHOLASTIC CORP,34.00685989238747,123034,34.4908493664946,38358,34.11238189955247,10055,32.356299961933765,10508,-84676,-28303,453
2483,SCHULMAN A INC,35.260572801218636,204818,36.25979634269873,150056,38.70608867634447,129437,36.155736296893785,133893,-54762,-20619,4456
2484,SCHWAB CHARLES CORP NEW,25.999888348302736,4746905,27.330168223960555,4638281,26.929884641393514,6911838,29.39003616406128,5603906,-108624,2273557,-1307932
2485,SCHWAB STRATEGIC TR,40.234568894970565,596328,41.18994295287211,1972229,43.515676875658635,605414,40.41580664718424,880794,1375901,-1366815,275380
2486,SCHWEITZER-MAUDUIT INTL INC,51.4719742275991,233428,42.59169150294994,65764,43.671524961481936,56467,41.32288466185659,28967,-167664,-9297,-27500
2487,SCICLONE PHARMACEUTICALS INC,5.043552559751264,84266,4.543769818935577,72847,5.251599350711354,73311,6.886285520646753,82628,-11419,464,9317
2488,SCIENCE APPLICATNS INTL CP N,33.069406927829945,419814,37.390079601622624,379138,44.160378789456,336229,44.23455481526348,52832,-40676,-42909,-283397
2489,SCIENTIFIC GAMES CORP,16.9331007227543,140435,13.731754499091391,68236,11.112259665081663,19348,10.818204426759513,8042,-72199,-48888,-11306
2490,SCIQUEST INC NEW,28.502779609912373,21226,27.043110288283525,15124,17.69743101807802,10510,15.032679738562093,13770,-6102,-4614,3260
2491,SCORPIO TANKERS INC,11.794030415851582,158470,9.979309471195123,71047,10.164897221594758,26562,8.312988388067799,114279,-87423,-44485,87717
2492,SCOTTS MIRACLE GRO CO,62.216659713530795,107865,61.27580575040832,85107,56.86331583740997,106501,55.00058455982645,76981,-22758,21394,-29520
2493,SCRIPPS E W CO OHIO,21.717734347116018,92459,17.730496453900713,31302,21.174590491410306,10012,16.322321396820882,28121,-61157,-21290,18109
2494,SCRIPPS NETWORKS INTERACT IN,86.41023770415994,3276047,75.91012442207288,2962095,81.13982889707835,2924088,78.08981355480422,1782025,-313952,-38007,-1142063
2495,SEABOARD CORP,2794.6902654867263,565,2621.087314662273,607,3020.3076923076924,1625,2674.782608695652,575,42,1018,-1050
2496,SEABRIDGE GOLD INC,7.30000503448623,19863,7.079330955298886,146059,9.376949817274266,56095,8.036877442629521,49895,126196,-89964,-6200
2497,SEACHANGE INTL INC,12.147856770983974,34574,10.449361536212107,51295,8.012181416089621,27583,6.965268103794299,42353,16721,-23712,14770
2498,SEACOR HOLDINGS INC,91.19548164417948,79675,86.41408733193957,58833,82.2576859892044,17044,74.80605836719616,16242,-20842,-41789,-802
2499,SEADRILL LIMITED,41.07998267339347,1569840,35.160297108110164,1916878,39.9499517398933,1996473,26.760128213508906,1789827,347038,79595,-206646
2500,SEADRILL PARTNERS LLC,30.99985957028507,2136300,30.000042096459822,4275894,33.160016389729854,4419841,31.18991332160693,7813712,2139594,143947,3393871
2501,SEAGATE TECHNOLOGY PLC,56.159910060628775,2241510,56.15942487244543,1581284,56.81974857602098,1951047,57.26987057169188,2075821,-660226,369763,124774
2502,SEALED AIR CORP NEW,34.04997030203112,1261029,32.869503786751515,1438172,34.16964447943796,660440,34.879258763680426,792190,177143,-777732,131750
2503,SEARS HLDGS CORP,49.040368746867706,566676,47.75952188610693,771197,39.95782888581681,143226,25.15528879228691,100297,204521,-627971,-42929
2504,SEATTLE GENETICS INC,39.888821252598575,261201,45.56207585676052,283218,38.250683858665425,264309,37.180104391244534,525523,22017,-18909,261214
2505,SEAWORLD ENTMT INC,28.770156478273496,2631164,30.229404905809737,1495696,28.32950583109204,890485,19.228926629458407,333976,-1135468,-605211,-556509
2506,SECURITY NATL FINL CORP,4.808095491012775,35773,4.062695321890477,41598,4.263833639027179,41981,4.96817999006364,42269,5825,383,288
2507,SEI INVESTMENTS CO,34.73054892202869,1197620,33.6086588309238,865521,32.77097392318587,480120,36.15977575332866,356750,-332099,-385401,-123370
2508,SELECT COMFORT CORP,21.088901110001235,178198,18.081064869033675,105027,20.67012741859368,31785,20.920791736509774,202239,-73171,-73242,170454
2509,SELECT INCOME REIT,26.710322247113556,11606,30.264298741292194,133788,29.63837083023353,116943,24.04693865142579,65788,122182,-16845,-51155
2510,SELECT MED HLDGS CORP,11.605779102085785,79874,12.450581223815426,152523,15.59978110431488,144361,12.030688980054931,144547,72649,-8162,186
2511,SELECT SECTOR SPDR TR,37.69914738045252,175796814,40.97901298229682,186702325,43.53676826618832,210988559,40.53421884882986,197625000,10905511,24286234,-13363559
2512,SELECTIVE INS GROUP INC,27.060835822419648,156684,23.32107437296289,57373,24.71824794181121,50044,22.154809668265,51095,-99311,-7329,1051
2513,SEMGROUP CORP,64.78130120829057,666396,65.51066359569579,1511357,78.7778379828558,2083619,83.20466840921523,2303140,844961,572262,219521
2514,SEMICONDUCTOR MFG INTL CORP,3.9109286011097257,40911,3.7704231252618343,35805,4.233664043790626,23384,5.085424685208729,57419,-5106,-12421,34035
2515,SEMPRA ENERGY,89.76012527197027,3697555,96.75975308835449,2935301,104.71018459407928,2813308,105.37984516747828,2931813,-762254,-121993,118505
2516,SEMTECH CORP,25.279610624240842,1402039,25.33971844060376,1594335,26.14977091311345,1573857,27.149637689833263,1587314,192296,-20478,13457
2517,SENIOR HSG PPTYS TR,22.23008947583186,3683341,22.470014606949615,3159455,24.290238569156536,3394697,20.920251232641167,3585999,-523886,235242,191302
2518,SENSIENT TECHNOLOGIES CORP,48.522830939310026,185253,56.41249207355739,126160,55.72572476002122,82924,52.33853006681514,70942,-59093,-43236,-11982
2519,SEQUENOM INC,2.3400558711014185,496142,2.4517209527180435,115837,3.8728916945837613,51641,2.9666059927191264,114272,-380305,-64196,62631
2520,SERVICE CORP INTL,18.13014682267965,330058,19.87959777718973,272088,20.721916083348006,295436,21.13851403753684,322350,-57970,23348,26914
2521,SERVICENOW INC,56.00982749969722,1444925,59.92045401810941,1831645,61.96011292857377,2563036,58.78002144538017,3953299,386720,731391,1390263
2522,SESA STERLITE LTD,13.173583599369204,51998,12.426690727145962,48766,19.35934183906661,282241,17.25866463332839,283278,-3232,233475,1037
2523,SHANDA GAMES LTD,4.579900983468051,388218,6.494005111835105,182322,6.638163305178312,220091,6.5371941172880925,131096,-205896,37769,-88995
2524,SHAW COMMUNICATIONS INC,24.34146265833579,128998,23.90061854894809,425512,25.659772247633853,325529,24.47224105696477,352481,296514,-99983,26952
2525,SHENANDOAH TELECOMMUNICATION,25.66105355050656,43529,32.285657449771236,50270,30.46929722157366,34264,24.790066106842946,22388,6741,-16006,-11876
2526,SHERWIN WILLIAMS CO,183.5001058721865,1397912,197.1298005140533,1214271,206.90910276669044,1134677,218.98993035594142,1429842,-183641,-79594,295165
2527,SHINHAN FINANCIAL GROUP CO L,45.69361080161497,83469,43.952834665790526,82179,45.861714607906436,109961,45.4610446784013,132883,-1290,27782,22922
2528,SHIP FINANCE INTERNATIONAL L,16.380946687192672,334535,17.968446090207483,336757,18.591749596670056,298143,16.917995905111066,291583,2222,-38614,-6560
2529,SHIRE PLC,141.2898422828316,1159227,148.5306051574997,1128764,235.48949569162534,886065,259.0495277156351,1287360,-30463,-242699,401295
2530,SHORETEL INC,9.273697168649981,48740,8.602046415545011,61962,6.524026657313224,57020,6.645376095671673,73585,13222,-4942,16565
2531,SHUTTERFLY INC,50.926617844866236,26764,42.699781344114854,24239,43.05782050181672,34953,48.744787207600325,72418,-2525,10714,37465
2532,SHUTTERSTOCK INC,83.58974358974359,17550,72.61363636363636,26400,83.00079808459697,21301,71.37045742180437,22124,8850,-5099,823
2533,SIBANYE GOLD LTD,4.806749068079263,30582,8.330438139355337,259050,11.030726735536073,332707,8.475268220193673,122474,228468,73657,-210233
2534,SIERRA BANCORP,16.091033746537462,217326,15.922213497159223,216490,15.799075763328734,215962,16.758264332980474,206883,-836,-528,-9079
2535,SIERRA WIRELESS INC,24.167795008047413,117429,21.83417064424178,119629,20.167516324646986,115929,26.784726065301605,9035,2200,-3700,-106894
2536,SIGMA ALDRICH CORP,94.00948831757641,556263,93.38078661609602,384940,101.48004477294049,441338,136.00924202554393,389525,-171323,56398,-51813
2537,SIGMA DESIGNS INC,4.716928902815763,90313,4.746201497827227,32447,4.58201509486358,100829,4.309581020832004,141081,-57866,68382,40252
2538,SIGNATURE BK NEW YORK N Y,107.41984638049196,1739753,125.58977364266418,1503331,126.17967454464564,1780152,112.05990422917371,1443237,-236422,276821,-336915
2539,SIGNET JEWELERS LIMITED,78.6991170844471,320982,105.85878214146564,613421,110.59259475815293,273644,113.9080164530283,284203,292439,-339777,10559
2540,SILGAN HOLDINGS INC,48.023510016844064,55806,49.51833493685377,82111,50.81763442943161,61947,46.99536531738875,63219,26305,-20164,1272
2541,SILICON GRAPHICS INTL CORP,13.419048807889151,16022,12.28488492639436,19292,9.636563876651982,18160,9.229733894350208,317994,3270,-1132,299834
2542,SILICON IMAGE INC,6.14197971718326,56008,6.900372720862294,59562,5.043027667252707,43228,5.046850003808943,52508,3554,-16334,9280
2543,SILICON LABORATORIES INC,43.29811066394401,50441,52.251958224543074,61280,49.25167179704915,65947,40.63984849665057,821632,10839,4667,755685
2544,SILICONWARE PRECISION INDS L,5.9834270360586155,88578,6.652131042815283,72007,8.206455745186213,149882,6.820053530986205,116568,-16571,77875,-33314
2545,SILVER BAY RLTY TR CORP,15.989089461172929,838822,15.520438706963551,779746,16.315764903599273,85684,16.205655251783153,74727,-59076,-694062,-10957
2546,SILVER STD RES INC,6.95463314887767,86561,9.929979654095073,407453,8.659832026215367,118709,6.097376819229723,297997,320892,-288744,179288
2547,SILVER WHEATON CORP,20.190009156327392,650916,22.698774943142684,1019218,26.270788188914707,766060,19.929231240324587,587830,368302,-253158,-178230
2548,SILVERCORP METALS INC,2.2905345208583987,371529,1.9485830103474024,421845,2.120354071094572,677717,1.5890015355622251,916928,50316,255872,239211
2549,SIMON PPTY GROUP INC NEW,152.160225956334,2450739,164.00052962200095,2144926,166.2802608154106,2634967,164.4199009638921,2043901,-305813,490041,-591066
2550,SIMPSON MANUFACTURING CO INC,36.73035382374119,119438,35.332437754181925,54341,36.369406537607105,31510,29.18462643678161,11136,-65097,-22831,-20374
2551,SINA CORP,84.25123037262712,145078,60.4098623402599,676959,49.76913594306619,500511,41.13971250032144,194435,531881,-176448,-306076
2552,SINCLAIR BROADCAST GROUP INC,35.721870619717116,23543,27.08926026246004,352206,34.750085435467746,316028,26.090240190412977,524334,328663,-36178,208306
2553,SIRIUS XM HLDGS INC,3.4899939335937584,8561906,3.1999985261104147,5427815,3.459957940076113,5432725,3.4898917511694743,4020182,-3134091,4910,-1412543
2554,SIRONA DENTAL SYSTEMS INC,70.19949052069343,1290337,74.67064242558106,1086585,82.46061289561064,970051,76.67989020558444,981835,-203752,-116534,11784
2555,SIX FLAGS ENTMT CORP NEW,36.82204061630706,277524,40.151581228166016,435674,42.549319865960825,357209,34.390968823370265,528569,158150,-78465,171360
2556,SJW CORP,29.790295504809613,37529,29.56000544884893,29364,27.197213290460876,22392,26.905298091738768,8437,-8165,-6972,-13955
2557,SK TELECOM LTD,24.61677960078911,81611,22.567771473697572,212737,25.94033722438392,428676,30.34035875196166,237044,131126,215939,-191632
2558,SKECHERS U S A INC,33.130147845951804,271837,36.5386649740823,141795,45.699406094248964,134028,53.3095849556789,72426,-130042,-7767,-61602
2559,SKILLED HEALTHCARE GROUP INC,4.80562006651956,155443,5.273246718909512,136159,6.287899393609703,125002,6.603187446719358,138418,-19284,-11157,13416
2560,SKULLCANDY INC,7.241852915470097,24027,9.213431812990178,13133,7.2608770224687,17491,7.785181764201359,15157,-10894,4358,-2334
2561,SKYWEST INC,14.83155808768888,549032,12.759948918674793,385268,12.220259509172307,386653,7.778798530116633,300432,-163764,1385,-86221
2562,SKYWORKS SOLUTIONS INC,28.5588968321637,487904,37.520071182384406,488885,46.96071563752953,583871,58.04957594620957,671495,981,94986,87624
2563,SL GREEN RLTY CORP,92.38037493481798,895569,100.6207945301976,599071,109.40936640438727,584237,101.31946529509287,612824,-296498,-14834,28587
2564,SLM CORP,26.27999680212987,29219448,24.48001228049717,41144914,8.310013919597399,51144439,8.559999526481375,47812269,11925466,9999525,-3332170
2565,SM ENERGY CO,83.10980306950837,759405,71.2908385508755,474521,84.101642454196,500775,77.99892212544802,530674,-284884,26254,29899
2566,SMITH & NEPHEW PLC,71.72435593488223,31635,76.47287251747477,36052,89.28750627195183,39860,84.17907539418346,61583,4417,3808,21723
2567,SMITH & WESSON HLDG CORP,13.491093079073368,242901,14.616154552808744,72933,14.539808018068886,56672,9.426482248260065,22702,-169968,-16261,-33970
2568,SMITH A O,53.93925958767457,451100,46.01926045725208,394487,49.581063517960345,433956,47.27872030017906,385903,-56613,39469,-48053
2569,SMUCKER J M CO,103.6207448999832,327695,97.23936251091772,282797,106.57078778371486,326384,98.99214308098671,357392,-44898,43587,31008
2570,SNAP ON INC,109.5165186621755,146955,113.48187402143805,207575,118.5210038414995,265261,121.07934932202242,221615,60620,57686,-43646
2571,SNYDERS-LANCE INC,28.662903361698547,118690,28.204708960104647,24464,26.462683481496796,48370,26.532445176259266,26722,-94226,23906,-21648
2572,SOCIEDAD QUIMICA MINERA DE C,25.899103964649573,24441,31.737274465707564,213881,29.311535047829853,182522,26.139517445395974,218711,189440,-31359,36189
2573,SODASTREAM INTERNATIONAL LTD,49.641813490866355,222091,44.099545355278046,201476,33.560434014635376,7926,29.404497158388928,4047,-20615,-193550,-3879
2574,SOHU COM INC,72.9299768062932,165131,65.0844930417495,80480,57.69171414638362,161999,50.23057491141515,235932,-84651,81519,73933
2575,SOLAR CAP LTD,22.55023318367647,747265,21.78016552925802,681813,21.27906540687552,559987,18.679290046114378,539528,-65452,-121826,-20459
2576,SOLAR SR CAP LTD,18.2195017559906,341118,17.109513072094582,328180,16.881652620917652,261645,15.388266940939118,126395,-12938,-66535,-135250
2577,SOLARCITY CORP,56.76763397585257,4721,62.61910111424554,120171,70.59883760892644,130937,59.59529896743762,50457,115450,10766,-80480
2578,SOLARWINDS INC,37.830438408818935,441232,42.62982091864128,420926,38.66161046577197,141872,42.042303195446955,103491,-20306,-279054,-38381
2579,SOLAZYME INC,10.891249258640213,18547,11.60952143664833,208708,11.766113592852586,25072,7.464543418760886,24114,190161,-183636,-958
2580,SOLERA HOLDINGS INC,70.76150196440456,139737,63.3414959731959,113117,67.14811471425595,115208,56.3612781511614,101772,-26620,2091,-13436
2581,SONIC AUTOMOTIVE INC,24.48003209992445,1041747,22.479646847649413,978841,26.680168297075724,1338110,24.509752410518466,1332286,-62906,359269,-5824
2582,SONIC CORP,20.190605551164012,179638,22.78870373958535,412880,22.079532298192746,243574,22.362260721834808,202484,233242,-169306,-41090
2583,SONOCO PRODS CO,41.72344974132753,154829,41.019321632330715,146882,43.932363840189325,160565,39.292009400705055,136160,-7947,13683,-24405
2584,SONUS NETWORKS INC,3.148031921887132,403109,3.3699924075627554,2210094,3.591373754744348,230274,3.4234974775417664,221411,1806985,-1979820,-8863
2585,SONY CORP,17.290348993819393,429893,19.120227891242976,471804,16.769997437684246,417591,18.03954438265852,479613,41911,-54213,62022
2586,SOTHEBYS,53.203755559215935,109278,43.550159498991796,93731,41.98862083530026,241494,35.71849818904683,347607,-15547,147763,106113
2587,SOUFUN HLDGS LTD,82.41052382081061,421900,68.41980836891071,71909,9.789751694880007,2500472,9.949922655410187,2974998,-349991,2428563,474526
2588,SOURCE CAP INC,67.12008501594049,23525,68.69246372288968,25636,69.95294387696545,17426,64.96116948378256,10945,2111,-8210,-6481
2589,SOUTH JERSEY INDS INC,55.959624770235145,126216,56.080751402781175,65584,60.416734283210545,61622,53.36603798601213,60338,-60632,-3962,-1284
2590,SOUTHCOAST FINANCIAL CORP,5.801228805737942,341307,7.287466028022847,340722,7.269018344497972,340211,7.0996830990223785,326916,-585,-511,-13295
2591,SOUTHERN CO,41.10997772077831,5286989,43.93990939855682,3574336,45.38007896636412,4476083,43.64980445724046,3261435,-1712653,901747,-1214648
2592,SOUTHERN COPPER CORP,28.710636915155344,560106,29.109009733507115,721220,30.36917421445757,707823,29.650693791825123,1232214,161114,-13397,524391
2593,SOUTHERN NATL BANCORP OF VA,10.005724668342584,40177,10.189515136598573,40630,11.160218266215649,40501,11.58701646975485,39527,453,-129,-974
2594,SOUTHSIDE BANCSHARES INC,27.34375,18432,31.361474435196193,26912,28.956772334293948,43375,33.25092707045736,72810,8480,16463,29435
2595,SOUTHWEST AIRLS CO,18.84000626122788,5628289,23.60993955474781,5905013,26.859914477629022,5276748,33.77003357285005,3291350,276724,-628265,-1985398
2596,SOUTHWEST BANCORP INC OKLA,15.919863961154563,952081,17.6600553365292,986690,17.060417541315218,995638,16.400210757279627,947061,34609,8948,-48577
2597,SOUTHWEST GAS CORP,55.909542926595705,2009174,53.45048154182946,1965146,52.78980374074531,1643897,48.58028622392887,1262508,-44028,-321249,-381389
2598,SOUTHWESTERN ENERGY CO,39.32989659718706,6484253,46.01009987816981,5845021,45.48992599310461,4628893,34.949963252933266,12447252,-639232,-1216128,7818359
2599,SOVRAN SELF STORAGE INC,65.17004360838794,206153,73.45130840518631,139521,77.24931480956431,169296,74.35477007034319,159788,-66632,29775,-9508
2600,SP PLUS CORP,26.05278478556181,20612,26.27893016741146,14993,21.38073158165894,15528,18.967474787951648,14973,-5619,535,-555
2601,SPANSION INC,13.890783192571998,95315,17.414364640883978,22625,21.067911115934557,73714,22.792186769308252,138995,-72690,51089,65281
2602,SPARK NETWORKS INC,6.169443571204023,25448,5.224922162974627,27943,5.677724298930744,34697,4.648520221062962,38722,2495,6754,4025
2603,SPDR DOW JONES INDL AVRG ETF,165.4699793807871,4398810,164.23989181331947,3110919,167.89000369438833,3835547,170.06992240053782,3173089,-1287891,724628,-662458
2604,SPDR GOLD TRUST,116.11955730417137,2065888,123.6104200693757,1137574,128.0404048809116,1586343,116.21191204843323,480992,-928314,448769,-1105351
2605,SPDR INDEX SHS FDS,42.1434840729467,36786968,42.57219763604578,39968033,43.897622564569595,36020789,40.79997861246327,33514846,3181065,-3947244,-2505943
2606,SPDR S&P 500 ETF TR,184.68998791735032,46983072,187.0100014317126,55164702,195.71998273363846,51950725,197.0200134495829,74009730,8181630,-3213977,22059005
2607,SPDR S&P MIDCAP 400 ETF TR,244.1999694431866,3252957,250.56973499508405,1407672,260.56031659618253,1664202,249.32000209230125,1300004,-1845285,256530,-364198
2608,SPDR SER TR,26.940125443995424,510985,27.52773438102898,583121,27.32378970209205,733683,23.74634009609437,656438,72136,150562,-77245
2609,SPDR SERIES TRUST,54.994821415703775,78907666,56.90577867493536,83455672,53.456745279961,70541631,50.129994314935644,77306073,4548006,-12914041,6764442
2610,SPECTRA ENERGY CORP,35.620225034113226,4372937,36.939855990950335,4658735,42.47999010690375,5967798,39.25991375778239,6846067,285798,1309063,878269
2611,SPECTRA ENERGY PARTNERS LP,45.3552235280222,152397,48.95035139424168,220550,53.34726219787079,230696,52.99184912185317,224393,68153,10146,-6303
2612,SPECTRANETICS CORP,25.000731871541905,102477,30.30775223996884,38505,22.88735396947216,58635,26.57349663135222,39927,-63972,20130,-18708
2613,SPECTRUM BRANDS HLDGS INC,70.55003048526311,995563,79.70057417240164,1013807,86.03038736166636,1275991,90.52971133208874,1181115,18244,262184,-94876
2614,SPECTRUM PHARMACEUTICALS INC,8.850070806592546,1327560,7.839667824383936,1385773,8.130327199484029,1223321,8.140255157267728,1278584,58213,-162452,55263
2615,SPEED COMM INC,4.670351054720946,25694,3.6314378764734703,34697,3.7509116799222033,28793,2.7543745949449123,12344,9003,-5904,-16449
2616,SPEEDWAY MOTORSPORTS INC,19.87440480298116,14491,18.747480177395516,14882,18.238665971860346,15352,17.087667161961367,10768,391,470,-4584
2617,SPIRIT AEROSYSTEMS HLDGS INC,34.082402010587664,149608,28.192943146283213,121839,33.69768625972875,302454,38.058425629971005,188342,-27769,180615,-114112
2618,SPIRIT AIRLS INC,45.40980897851277,139199,59.401407319345815,124492,63.23937848482941,285882,69.14266144069407,236511,-14707,161390,-49371
2619,SPIRIT RLTY CAP INC NEW,9.830502854426989,904735,10.979953989978055,470767,11.359668135732006,664368,10.970295651963477,661149,-433968,193601,-3219
2620,SPLUNK INC,68.67551801882405,55886,71.49025299943042,54427,55.32718662309161,147179,55.3610167481637,286718,-1459,92752,139539
2621,SPRAGUE RES LP,18.240029136797762,812718,19.759778578515853,957450,25.44805354563175,951114,25.429803104892287,973818,144732,-6336,22704
2622,SPRINT CORP,10.749859566249926,1235458,9.190011539120507,4844390,8.530189674098771,3751382,6.340000561778227,2100473,3608932,-1093008,-1650909
2623,SPROTT PHYSICAL SILVER TR,7.565048852686059,804357,7.848383500557412,22425,8.487835406399123,25566,6.870945715261183,23432,-781932,3141,-2134
2624,SPROUTS FMRS MKT INC,38.33558081294547,5191,36.029590730401296,406749,32.7185628742515,563625,29.069853787490626,538668,401558,156876,-24957
2625,SPX CORP,99.60599600415213,89593,98.31391137720159,109069,108.21263664706579,101356,93.92738682205288,278875,19476,-7713,177519
2626,SS&C TECHNOLOGIES HLDGS INC,44.25999711402261,1358292,40.01998424640186,1437132,44.22028013692696,1476992,43.889565091321046,1186364,78840,39860,-290628
2627,ST JOE CO,19.188554411064892,195429,19.248986895426555,76004,25.4381947624797,48038,19.92574878338378,119594,-119425,-27966,71556
2628,ST JUDE MED INC,61.9502568413665,1174071,65.39024924052117,1338747,69.25014171187951,1234900,60.130656141464435,894868,164676,-103847,-340032
2629,STAAR SURGICAL CO,16.208736904526585,25295,18.802096408133565,195191,16.796703169495057,86386,10.609141543630095,11311,169896,-108805,-75075
2630,STAGE STORES INC,22.217704276447453,314794,24.45339621749657,190403,18.68724557507295,223789,17.107688843647832,213179,-124391,33386,-10610
2631,STANCORP FINL GROUP INC,66.2506277911254,294684,66.79910732907855,191784,64.0002084980323,115109,63.18146744053411,119228,-102900,-76675,4119
2632,STANDARD MTR PRODS INC,36.80383114579639,78932,35.776997366110635,18224,44.65422941484978,26694,34.438454174434426,39694,-60708,8470,13000
2633,STANDARD PAC CORP NEW,9.049941342848976,7479054,8.309946195408749,7055160,8.599944857047129,6876672,7.489961072389648,7588958,-423894,-178488,712286
2634,STANDEX INTL CORP,62.872344411555325,53378,53.583411622601005,29804,74.51336744942368,20909,74.13809508706271,252232,-23574,-8895,231323
2635,STANLEY BLACK & DECKER INC,80.71873264027163,3980117,81.23997221814176,3505885,87.82016699635237,1801716,88.86944830288138,1796928,-474232,-1704169,-4788
2636,STANLEY FURNITURE CO INC,3.8386078648810034,11723,2.7467954053604133,12014,2.679938744257274,13060,2.8062469497315763,16392,291,1046,3332
2637,STANTEC INC,61.987749115693205,23182,61.074246475850906,30291,62.00026215755668,22887,65.21989187531153,52162,7109,-7404,29275
2638,STAPLES INC,15.889917854920853,4936023,11.339690079517538,2662683,10.84001888995152,14744347,12.099993045981007,12180007,-2273340,12081664,-2564340
2639,STARBUCKS CORP,78.39017874350121,4514290,73.3800952718562,4767410,77.37990406243556,3980297,75.46000303417786,2768460,253120,-787113,-1211837
2640,STARWOOD HOTELS&RESORTS WRLD,79.45006639583906,5339190,79.59990609075756,4144427,80.82021570192536,3690834,83.21005156582697,3646795,-1194763,-453593,-44039
2641,STARWOOD PPTY TR INC,27.700005739090837,7928085,23.58997853190628,7582881,23.77000068197212,10542953,21.96001565696153,9138427,-345204,2960072,-1404526
2642,STARZ,29.24116596387206,54307,32.279162819329024,51984,29.790544584081392,167100,33.077664119779676,135983,-2323,115116,-31117
2643,STATE STR CORP,73.39006712038083,1537238,69.54965202506847,1455852,67.26031348903366,1452491,73.61046998754401,1206649,-81386,-3361,-245842
2644,STATOIL ASA,24.13069464736353,564675,28.220692351127127,920920,30.829623698842827,1376371,27.160085255736853,1976172,356245,455451,599801
2645,STEEL DYNAMICS INC,19.539702842065466,2113287,17.790786189628697,754042,17.95012617923709,719215,22.610090022067585,4709623,-1359245,-34827,3990408
2646,STEELCASE INC,15.857977202578711,237483,16.609486978518902,213071,15.132659193398034,211331,16.190672449161195,213518,-24412,-1740,2187
2647,STEIN MART INC,13.453078287922613,82286,13.984863441921684,12156,13.888888888888886,12240,11.580157687253616,12176,-70130,84,-64
2648,STEMLINE THERAPEUTICS INC,19.59929720379728,220263,20.36262969265879,255026,14.671485642795409,330914,12.458799596514373,296417,34763,75888,-34497
2649,STEPAN CO,65.62730432950595,56958,64.55588207413025,63294,52.84592262193348,30939,44.40308428609412,18805,6336,-32355,-12134
2650,STERICYCLE INC,116.16939456843029,313611,113.62325151036848,275595,118.4172634246549,312522,116.55947899473955,245986,-38016,36927,-66536
2651,STERIS CORP,48.04964425459971,156151,47.75014988482535,126764,53.476319423273495,111526,53.9621227407685,104073,-29387,-15238,-7453
2652,STERLING BANCORP DEL,13.372074183687793,277743,12.655011181134373,59028,12.003701989819527,108050,12.79244904106838,49795,-218715,49022,-58255
2653,STERLING CONSTRUCTION CO INC,11.713085189454505,26893,8.688880691831633,24399,9.3815149409312,23024,7.643961270596229,17661,-2494,-1375,-5363
2654,STEWART INFORMATION SVCS COR,32.274350679706046,53479,35.131744040150565,15940,31.00547525645598,47669,29.370550978084193,17841,-37539,31729,-29828
2655,STIFEL FINL CORP,47.919727082807846,1193329,49.75947343821228,1039802,47.3505314492521,1208582,46.890220912427566,1299610,-153527,168780,91028
2656,STILLWATER MNG CO,12.340307405168831,507929,14.810453642245795,502753,17.549667285558705,208437,15.029929187514536,1079047,-5176,-294316,870610
2657,STMICROELECTRONICS N V,7.999668979214653,290012,9.239225290266816,360961,8.889849994340365,1183822,7.690215671551162,1169278,70949,822861,-14544
2658,STOCK BLDG SUPPLY HLDGS INC,18.214034447716077,38377,20.315311890097078,78906,19.73287913092246,48143,15.71554622850738,41933,40529,-30763,-6210
2659,STONE ENERGY CORP,34.59181656453845,222596,41.96661985824263,180167,46.792835306875325,183511,31.36195566795027,104394,-42429,3344,-79117
2660,STONECASTLE FINL CORP,24.60674157303371,8900,24.60674157303371,8900,25.39325842696629,8900,25.168539325842694,8900,0,0,0
2661,STONERIDGE INC,12.750049177230848,2053796,11.229888163181245,2272418,10.719971727547092,2275006,11.270011824289204,2260601,218622,2588,-14405
2662,STRAIGHT PATH COMMUNICATNS I,8.185293931264653,94682,7.3564435035723745,94475,10.196462451802436,81695,15.7544986186814,80358,-207,-12780,-1337
2663,STRATASYS LTD,134.70818725510415,24245,106.0882586924985,42738,113.63636363636364,27676,120.77169305303228,23118,18493,-15062,-4558
2664,STRATEGIC HOTELS & RESORTS I,9.449915130749694,5328196,10.190098193050217,5585324,11.709982688211314,8572771,11.65006315416724,9624068,257128,2987447,1051297
2665,STRATUS PPTYS INC,17.110788430595345,25481,17.451656904437133,24926,16.048345139472527,24987,13.998177752008614,24146,-555,61,-841
2666,STRAYER ED INC,34.47015527324057,79344,46.436810274954794,80195,52.510945498963785,72861,59.874463735567645,69462,851,-7334,-3399
2667,STRYKER CORP,75.14081504482297,912367,81.47016826281849,955945,84.31995321698538,995233,80.7496331641294,830753,43578,39288,-164480
2668,STURM RUGER & CO INC,73.08593454765324,172003,59.802140644807174,76519,59.02751314686381,26242,48.69123057069667,155757,-95484,-50277,129515
2669,SUBURBAN PROPANE PARTNERS L,46.90072301840833,775084,41.53918472030942,727554,45.99966762655393,734114,44.54912741209749,539831,-47530,6560,-194283
2670,SUCAMPO PHARMACEUTICALS INC,9.391547607153562,20018,7.103618109490434,10558,6.930149581446412,14574,6.495633187772926,18320,-9460,4016,3746
2671,SUMITOMO MITSUI FINL GROUP I,10.490371008429213,1072698,8.649729253242665,1143504,8.469643753135976,1245625,8.199835000388116,1455761,70806,102121,210136
2672,SUMMIT MIDSTREAM PARTNERS LP,36.64965372331876,858562,42.8520085912799,3266568,50.85010172288345,3262786,50.86000858724533,4711639,2408006,-3782,1448853
2673,SUMMIT ST BK SANTA ROSA CALI,10.498134569610007,208799,10.940026582345293,208409,13.159981735598759,208055,12.97220961315378,198270,-390,-354,-9785
2674,SUN CMNTYS INC,42.640821138609546,837179,45.089699572814816,858644,49.83902531405845,887096,50.501250468209975,611371,21465,28452,-275725
2675,SUN HYDRAULICS CORP,40.82004371407756,49412,43.29176616255417,22614,40.61117812625653,19896,37.582115394408504,19637,-26798,-2718,-259
2676,SUN LIFE FINL INC,35.32914345979147,883718,34.63036581937919,1120635,36.710850734482655,414101,36.270949038257946,368394,236917,-706534,-45707
2677,SUNCOKE ENERGY INC,22.810032354040843,1960497,22.839797318216572,2690523,21.500917015269852,388216,22.450145153992032,590063,730026,-2302307,201847
2678,SUNCOKE ENERGY PARTNERS L P,27.09932124392684,667692,29.249809533120946,542089,30.199629437605253,497622,29.430032695481053,487835,-125603,-44467,-9787
2679,SUNCOR ENERGY INC NEW,35.049685385327656,1626434,34.959970690345806,2339161,42.62980343636035,1755462,36.14985074051668,1972069,712727,-583699,216607
2680,SUNEDISON INC,13.050161420322663,681141,18.839901334086075,839601,22.599523469187684,1106749,18.880270890843214,2299967,158460,267148,1193218
2681,SUNESIS PHARMACEUTICALS INC,4.74014073353395,265182,6.609449166574677,72472,6.505056665142043,19677,7.1449271017577525,100071,-192710,-52795,80394
2682,SUNOCO LOGISTICS PRTNRS L P,75.479933825344,4923335,90.88002334467072,4975868,47.109951025713904,11376174,48.259985117876084,11812830,52533,6400306,436656
2683,SUNPOWER CORP,29.8120644971057,193311,32.26115157637302,188090,40.981693530741744,137110,33.87498925285874,127941,-5221,-50980,-9169
2684,SUNSTONE HOTEL INVS INC NEW,13.40109514325902,464962,13.730206758971775,657674,14.930254967938044,1021148,13.820649932343938,967393,192712,363474,-53755
2685,SUNTRUST BKS INC,36.80993519951039,5710605,39.79016578447664,5075626,40.06000346610072,4408412,38.02991367832028,4225358,-634979,-667214,-183054
2686,SUPER MICRO COMPUTER INC,17.155650569284685,188043,17.370872750405287,97462,25.28564667703333,29582,29.43650126156434,20213,-90581,-67880,-9369
2687,SUPERIOR ENERGY SVCS INC,26.61175719961718,344810,30.75930445003769,313076,36.140227035811904,365493,32.870299140602675,545964,-31734,52417,180471
2688,SUPERIOR INDS INTL INC,20.632279534109816,96160,20.514733308466987,13405,20.58714232627276,13455,17.4990612091626,13315,-82755,50,-140
2689,SUPERNUS PHARMACEUTICALS INC,7.536592383586564,107741,8.948087431693988,29280,10.936537276648183,12984,8.689540604434223,15651,-78461,-16296,2667
2690,SUPERVALU INC,7.289249059876476,569606,6.839030356654912,384265,8.220618329967309,372843,8.940727328869988,356235,-185341,-11422,-16608
2691,SUPPORT COM INC,3.7927900636170864,82525,2.5513129228299505,34884,2.7104861934609517,118060,2.161739650824087,163757,-47641,83176,45697
2692,SURGICAL CARE AFFILIATES INC,34.84039752038759,1063392,30.750404926757213,1123660,29.08008527553977,1136551,26.72974581863041,1115424,60268,12891,-21127
2693,SUSQUEHANNA BANCSHARES INC P,12.840293112242474,946941,11.371089777783506,620521,10.56105288178198,614238,10.000833402783568,503958,-326420,-6283,-110280
2694,SUSSER PETE PARTNERS LP,33.100706108178514,729350,35.14942399150303,674122,46.93081593759696,902520,54.99954102404646,773461,-55228,228398,-129059
2695,SVB FINL GROUP,104.8590823771822,283428,128.7803060250732,397157,116.61727637265604,397514,112.09365461721345,127447,113729,357,-270067
2696,SWEDISH EXPT CR CORP,6.9390356156623945,14123,7.080648587410606,14123,8.01963686784463,53369,7.180055186351094,102924,0,39246,49555
2697,SWIFT ENERGY CO,13.499111900532858,320910,10.760453306854224,653597,12.977619283918012,118897,9.604620601262226,61637,332687,-534700,-57260
2698,SWIFT TRANSN CO,22.210355464056605,284642,24.74534532293571,134005,25.23100813590407,298799,20.979695552338733,1637917,-150637,164794,1339118
2699,SWS GROUP INC,6.0778905044649125,64167,7.476502420962689,28088,7.3205150820250475,11338,6.901662883876049,21589,-36079,-16750,10251
2700,SYMANTEC CORP,23.57984209911601,2868255,19.97002853447745,2922780,22.9000943247917,2544400,23.509944139923334,2332077,54525,-378380,-212323
2701,SYMETRA FINL CORP,18.960493899034372,377891,19.81909165468139,420655,22.740239628331565,392608,23.32996528739753,1227220,42764,-28047,834612
2702,SYMMETRY MED INC,10.08198078834051,144912,10.055180870631515,48930,8.887709756582877,15077,10.096593393488892,25157,-95982,-33853,10080
2703,SYNACOR INC,2.4377903500298976,21741,2.459967509863077,21545,2.52503997979968,11881,1.9157590867340244,76210,-196,-9664,64329
2704,SYNAGEVA BIOPHARMA CORP,64.71959684823028,151407,82.96583366742394,134694,104.7945205479452,124100,68.77954482691402,123118,-16713,-10594,-982
2705,SYNAPTICS INC,51.80772046029974,166674,60.01947938925078,270029,90.64887549768645,46465,73.20039526693186,39467,103355,-223564,-6998
2706,SYNCHRONOSS TECHNOLOGIES INC,31.071258746009107,73605,34.301151558150956,36646,34.94709205187366,50276,45.7721031076849,41510,-36959,13630,-8766
2707,SYNERGY PHARMACEUTICALS INC,5.6251034026360776,54399,5.309596314515499,64035,4.076518877274341,53477,2.785109675070538,164805,9636,-10558,111328
2708,SYNERGY RES CORP,9.262495630898288,171660,10.749309382830068,365977,13.25045427558786,333498,12.196945778427693,60179,194317,-32479,-273319
2709,SYNGENTA AG,79.93679681699632,105058,75.78040904198063,106835,74.80346364853008,112829,63.369508485862895,111126,1777,5994,-1703
2710,SYNNEX CORP,67.39626199182072,78491,60.595446584938706,28550,72.84495066467844,31519,64.63854477026814,31885,-49941,2969,366
2711,SYNOPSYS INC,40.5693902988835,452484,38.41107351539096,546457,38.820224646141426,770011,39.69383390991873,657029,93973,223554,-112982
2712,SYNOVUS FINL CORP,3.600263540540175,1921526,3.390055016454693,2189345,24.37823546654752,351379,23.6403349527712,520551,267819,-1837966,169172
2713,SYNTA PHARMACEUTICALS CORP,5.237137889834086,139771,4.310008874352029,731321,4.089726926620153,760931,3.0105083064214053,790232,591550,29610,29301
2714,SYNTEL INC,90.94497902788058,20265,89.93260320134794,9496,85.9672640045153,28348,87.97109939464947,10242,-10769,18852,-18106
2715,SYNTHETIC BIOLOGICS INC,1.5350136616215884,32573,2.5706428599896376,50182,1.7264916084477635,49812,1.7883755588673622,46970,17609,-370,-2842
2716,SYSCO CORP,36.10023209292429,2570953,36.13012411612585,2421442,37.45009866521698,2131957,37.94975302352007,1841066,-149511,-289485,-290891
2717,T-MOBILE US INC,33.638979940156105,560124,33.02935662468475,911583,33.620298393031824,1106058,28.87001833975774,2913888,351459,194475,1807830
2718,TABLEAU SOFTWARE INC,68.9360929557008,55080,76.07946099739999,195769,71.31931739795459,66686,72.64957264957266,33930,140689,-129083,-32756
2719,TAHOE RES INC,16.645326504481435,35926,21.14531086493703,27713,26.20579180537131,39953,20.298887401522965,136707,-8213,12240,96754
2720,TAIWAN SEMICONDUCTOR MFG LTD,17.439840715948627,3085808,20.019919634863566,4806313,21.390009143299398,4744458,20.17999728302339,12410854,1720505,-61855,7666396
2721,TAKE-TWO INTERACTIVE SOFTWAR,17.37004230042675,480137,21.930089605778083,827402,22.239929351935967,591099,23.069185251601997,448347,347265,-236303,-142752
2722,TAL ED GROUP,21.98930531608471,595062,22.52064392359663,659395,27.49967816365131,302949,34.93961064573813,641421,64333,-356446,338472
2723,TAL INTL GROUP INC,57.34729855853987,125359,42.87598453066669,134201,44.35983235149849,205907,41.25007224180778,207636,8842,71706,1729
2724,TALISMAN ENERGY INC,11.649658157888215,847321,9.979926472246657,1108425,10.60105608370913,596733,8.649931701636921,1116425,261104,-511692,519692
2725,TALLGRASS ENERGY PARTNERS LP,26.000272773486422,161306,36.409780253791396,161550,38.79987433239083,248274,45.307978503513844,314470,244,86724,66196
2726,TAMINCO CORP,20.21017997888379,1629080,21.009716037619672,1542810,23.259910411169567,1663377,26.1005338352825,1620350,-86270,120567,-43027
2727,TANGER FACTORY OUTLET CTRS I,32.020159706262476,4144108,35.000143324735475,4116526,34.970165351459144,2577540,32.71938467800582,805822,-27582,-1538986,-1771718
2728,TANZANIAN ROYALTY EXPL CORP,1.7496491004210797,979625,2.380048365436805,784858,2.2596642351264045,725329,2.1099049657603137,621355,-194767,-59529,-103974
2729,TARGA RES CORP,88.1697269825798,968473,99.26022567106087,1278498,139.57023826925888,1778660,136.16972655637784,1977958,310025,500162,199298
2730,TARGA RESOURCES PARTNERS LP,52.29980655928131,2937334,56.26003145691572,3231086,71.91992496809607,3902340,72.3498173763887,4205097,293752,671254,302757
2731,TARGACEPT INC,4.150230317733213,399014,4.747966372825976,176286,4.513447017901077,117870,2.5279478680972987,142408,-222728,-58416,24538
2732,TARGET CORP,63.270011453846934,4042310,60.50976754429018,2760827,57.950128627697964,3073988,62.679880876537524,2720203,-1281483,313161,-353785
2733,TARO PHARMACEUTICAL INDS LTD,99.04043865661413,2918,111.2239715591671,1969,140.22914313377441,12394,153.86782580697098,24846,-949,10425,12452
2734,TASER INTL INC,15.8785229388567,86469,18.28477536138402,147281,13.303240303449096,100577,15.432098765432098,60912,60812,-46704,-39665
2735,TATA MTRS LTD,30.799688148777555,114157,35.407399467638506,55977,39.05646394727298,63421,43.711392852583295,101827,-58180,7444,38406
2736,TAUBMAN CTRS INC,63.919831985102356,3025446,68.52040202509292,3166867,75.80986756340943,2554430,72.99983719103633,2377019,141421,-612437,-177411
2737,TAYLOR MORRISON HOME CORP,22.45250431778929,58479,23.50256955520113,45144,22.41700144345316,115002,16.218862843503274,98034,-13335,69858,-16968
2738,TC PIPELINES LP,48.42958871813893,787246,47.92918932101511,766777,51.65992095677497,755789,67.70940496921216,797068,-20469,-10988,41279
2739,TCF FINL CORP,16.251853311670306,436381,16.660712545873796,492656,16.368174306047422,296490,15.530143415527238,344105,56275,-196166,47615
2740,TCP CAP CORP,16.795865633074936,23994,16.549565834049552,259463,18.212379978275177,126123,16.067314022383147,145824,235469,-133340,19701
2741,TD AMERITRADE HLDG CORP,30.639852002961987,1173537,33.95044697053305,579904,31.35024092902907,712658,33.369995519066194,810099,-593633,132754,97441
2742,TE CONNECTIVITY LTD,55.1105234888237,1815225,60.209439305047596,1375864,61.83999431841979,1647429,55.29050989643423,968177,-439361,271565,-679252
2743,TEAM HEALTH HOLDINGS INC,45.54234154686681,72482,44.74000184723377,54135,49.94166741452033,89144,57.99180031002361,138054,-18347,35009,48910
2744,TEAM INC,42.323970757983844,18193,42.88939051918736,15948,40.99571576303738,13538,37.87821625292386,13253,-2245,-2410,-285
2745,TECH DATA CORP,51.591101098282174,71020,60.948945881677005,62659,62.52081598667778,96080,58.85232950183043,89869,-8361,33421,-6211
2746,TECHNE CORP,94.66211736550186,61841,85.3718667297262,99377,92.5657676245928,141521,93.54816144752488,128661,37536,42144,-12860
2747,TECK RESOURCES LTD,26.01084662835109,987588,21.67958561829069,1039042,22.830554866767127,838832,18.88977725908421,1240724,51454,-200210,401892
2748,TECO ENERGY INC,17.239964639628873,1401569,17.1500452074731,1215507,18.47982792250345,1167381,17.38037428889956,907748,-186062,-48126,-259633
2749,TECUMSEH PRODS CO,9.04724673293868,107436,6.894097762754082,89932,5.083962409490063,51928,4.294675315418063,56116,-17504,-38004,4188
2750,TEEKAY CORPORATION,48.0320041295651,38745,56.24065914995351,386073,62.24921567525851,338189,66.35917660995925,538554,347328,-47884,200365
2751,TEEKAY LNG PARTNERS L P,42.70979641887813,684199,41.33024273016604,633749,46.139988822873775,640594,43.5603079770591,635372,-50450,6845,-5222
2752,TEEKAY OFFSHORE PARTNERS L P,33.090051034407075,3681046,32.72003132570228,4175485,36.09996368844463,6276239,33.600118351061234,6664917,494439,2100754,388678
2753,TEEKAY TANKERS LTD,3.9277867595241065,96492,3.5440593347441087,97346,4.28481411468179,47610,3.741266621591165,44370,854,-49736,-3240
2754,TEKMIRA PHARMACEUTICALS CORP,7.968674864326442,14557,21.449559255631737,10210,13.031718711581018,4067,21.131202691337254,9512,-4347,-6143,5445
2755,TELECOM ARGENTINA S A,17.235390000801647,37423,19.06020910948203,41605,23.554766185102558,92338,20.296890089135395,117013,4182,50733,24675
2756,TELECOM ITALIA S P A NEW,9.9620588254906,149969,11.791202967673554,188700,12.621590692351706,209720,11.439848062199538,202188,38731,21020,-7532
2757,TELECOMMUNICATION SYS INC,2.313667162452488,54459,2.2907900888265544,21390,3.2712753163034587,20787,2.7769470671166743,23407,-33069,-603,2620
2758,TELEDYNE TECHNOLOGIES INC,91.86144758214304,549164,97.32949884713317,515671,97.16997130862437,577874,94.0100064599603,540251,-33493,62203,-37623
2759,TELEFLEX INC,93.85899248662285,541035,107.24231406182057,216174,105.60246388348754,229881,105.04031666911008,170525,-324861,13707,-59356
2760,TELEFONICA BRASIL SA,19.2173414157946,224849,21.239440379298124,1243771,20.509971439624024,1214970,19.6800029589153,1243699,1018922,-28801,28729
2761,TELEFONICA S A,16.340296136845733,1148388,15.78969587590784,1326498,17.15964015633311,1513435,15.370042884160846,1579371,178110,186937,65936
2762,TELENAV INC,6.584362139917697,76545,5.956540905523242,93007,5.68158254883258,48226,6.70619107785013,20578,16462,-44781,-27648
2763,TELEPHONE & DATA SYS INC,25.781909051840767,314135,26.211627281605157,211967,26.105943738656983,176320,23.960418893354806,199287,-102168,-35647,22967
2764,TELETECH HOLDINGS INC,23.934577573731225,160312,24.511836459187123,103705,28.98704108751382,85038,24.583715746689396,45762,-56607,-18667,-39276
2765,TELUS CORP,34.44089198267838,197672,35.94806024160503,150328,37.241564877853435,319616,34.1803945404328,335631,-47344,169288,16015
2766,TEMPLETON GLOBAL INCOME FD,7.947781993418804,222452,8.042979672625593,95487,8.256814699803606,97253,7.961609772058022,18338,-126965,1766,-78915
2767,TEMPUR SEALY INTL INC,53.9601597736683,232579,50.67150391989815,208934,59.703455922424965,212852,56.170370443890846,302259,-23645,3918,89407
2768,TENARIS S A,43.69040807797846,959547,44.250311775862826,960626,47.150344741216614,1022071,45.549672884386425,977636,1079,61445,-44435
2769,TENET HEALTHCARE CORP,42.11987425043397,5007731,42.81001355995061,4778041,46.93974736284496,2914694,59.389731378594895,1697482,-229690,-1863347,-1217212
2770,TENNANT CO,67.79899591798433,42626,65.55579916684938,4561,76.28776352966746,9202,67.11494544531844,7882,-38065,4641,-1320
2771,TENNECO INC,56.57029133727679,723560,58.07095243850133,844002,65.70026904956869,965993,52.3096923159013,1030765,120442,121991,64772
2772,TERADATA CORP DEL,45.489206306111534,596691,49.19051946534884,505077,40.199857609253705,705102,41.921659159978795,503773,-91614,200025,-201329
2773,TERADYNE INC,17.62066809335229,969146,19.890026188085898,743086,19.600017192997534,977142,19.390232079126786,546667,-226060,234056,-430475
2774,TEREX CORP NEW,41.989828125365314,4319951,44.29979618451596,3574802,41.10002803823122,3184937,31.769919677598747,3562269,-745149,-389865,377332
2775,TERRENO RLTY CORP,17.70024747441279,437621,18.909071048484,512664,19.329975727036828,2387018,18.82965733614689,2316877,75043,1874354,-70141
2776,TESARO INC,28.227432455786623,17359,29.438001784121322,7847,31.11030046325148,592119,26.91913801471499,879783,-9512,584272,287664
2777,TESCO CORP,19.7784045478908,113811,18.499786632106336,632710,21.339890273053715,759704,19.849981705085984,76524,518899,126994,-683180
2778,TESLA MTRS INC,150.42891751455969,1889291,208.44979783353926,565623,240.06095297634164,870179,242.67990802798298,1022050,-1323668,304556,151871
2779,TESORO CORP,58.49994995903039,4376414,50.59013866251295,4981880,58.67005466483384,3716649,60.980084061744826,4232841,605466,-1265231,516192
2780,TESORO LOGISTICS LP,52.339946861403476,2482941,60.21008091583821,2897455,73.39998322998578,3208107,70.77005764052277,3282066,414514,310652,73959
2781,TESSERA TECHNOLOGIES INC,19.710926383584205,133530,23.64194188774589,49869,22.08594041354162,24133,26.57599562277719,25587,-83661,-25736,1454
2782,TETRA TECH INC NEW,27.981858856032176,163606,29.58462281025525,35221,27.499007767760958,35274,24.978791592044487,31827,-128385,53,-3447
2783,TETRA TECHNOLOGIES INC DEL,12.359810699137967,2703844,12.799959864725885,2631102,11.780093823287627,2644546,10.81999249997762,3015991,-72742,13444,371445
2784,TETRALOGIC PHARMACEUTICALS C,9.514262280142168,54865,6.376522106557063,52066,5.891210736269254,37853,4.154165705054234,47663,-2799,-14213,9810
2785,TEVA PHARMACEUTICAL INDS LTD,40.08002833743621,3932607,52.84039797589986,1770861,52.4195707860299,1213707,53.750008495714766,1471330,-2161746,-557154,257623
2786,TEXAS CAPITAL BANCSHARES INC,62.19993793838336,1366384,64.9398861970996,1389947,53.94975024204964,1180543,57.67959823432325,1131804,23563,-209404,-48739
2787,TEXAS INSTRS INC,43.910159235733026,5950172,47.159913423944396,5541486,47.79009503876882,6102457,47.68971793098418,4551652,-408686,560971,-1550805
2788,TEXAS ROADHOUSE INC,27.79995378054161,380792,26.079612486403175,304299,25.99990015747889,220347,27.84050247695012,143927,-76493,-83952,-76420
2789,TEXTAINER GROUP HOLDINGS LTD,40.214654829733675,45282,38.31259358702949,19367,38.59261306069817,21714,31.13188097038005,29102,-25915,2347,7388
2790,TEXTRON INC,36.760017636877016,12446648,39.28997677612615,11515736,38.29007175011447,8696014,35.989952810539606,8042050,-930912,-2819722,-653964
2791,TEXTURA CORP,29.93677947192265,10756,25.206344497303487,94381,23.632977822921955,59070,26.398951749653158,103792,83625,-35311,44722
2792,TFS FINL CORP,12.127091923356778,12369,12.4282982791587,30334,14.263039548520787,45362,14.314928425357873,30807,17965,15028,-14555
2793,THE ADT CORPORATION,40.46963211816712,798327,29.95024205616588,995017,34.93989684718409,961680,35.459840265476195,1470565,196690,-33337,508885
2794,THERAPEUTICSMD INC,5.210158425702218,216884,6.31012498146646,229314,4.4098927077650485,21996,4.639632153343307,433224,12430,-207318,411228
2795,THERAVANCE INC,35.654916149220156,81812,30.94470700222107,59881,29.778821958191166,491188,17.09264810196096,43703,-21931,431307,-447485
2796,THERMO FISHER SCIENTIFIC INC,111.34933421959556,1107272,120.24056614532252,964558,117.99907786316791,1045398,121.69944761252476,671630,-142714,80840,-373768
2797,THERMON GROUP HLDGS INC,27.330118338056568,1128462,23.180299294171128,1196749,26.32007623577706,1227770,24.420041933320114,1185215,68287,31021,-42555
2798,THIRD PT REINS LTD,18.52789430541492,82956,15.850375883406436,186494,15.259074764136088,412738,14.550285447560231,696275,103538,226244,283537
2799,THL CR INC,16.489988221436985,637599,13.799743781672111,615881,14.000634116920669,419481,12.894984945713329,98643,-21718,-196400,-320838
2800,THOMPSON CREEK METALS CO INC,2.189333566862248,22838,2.180044877791232,4182024,2.9599881044511016,3813191,2.2000405307744715,4253558,4159186,-368833,440367
2801,THOMSON REUTERS CORP,37.81999289281442,1843205,34.199654844663876,2466136,36.36003266184357,2275438,36.409582696472526,1732456,622931,-190698,-542982
2802,THOR INDS INC,55.2276944604995,131492,61.06243154435924,91300,56.88254124599854,56854,51.50427138789154,72693,-40192,-34446,15839
2803,THORATEC CORP,36.605428126245606,137985,35.807484817844404,165161,34.85673458326148,202945,26.73264398860511,202898,27176,37784,-47
2804,THRESHOLD PHARMACEUTICAL INC,4.672318831610867,96954,4.751232631107127,22310,3.9665970772442587,19160,3.607035746129529,24674,-74644,-3150,5514
2805,TIBCO SOFTWARE INC,22.480122543850907,2157595,20.319992344308066,7189422,20.17014505413034,5071555,23.632386851295923,252831,5031827,-2117867,-4818724
2806,TICC CAPITAL CORP,10.33832961637536,57843,9.807237064592492,11828,9.897696974899011,186407,8.829847958071714,481775,-46015,174579,295368
2807,TIDEWATER INC,59.27096054797431,75332,48.623798256910966,66778,56.14754647687214,74607,39.04028625283537,62602,-8554,7829,-12005
2808,TIFFANY & CO NEW,92.780124242387,1058093,86.14921007733044,1083144,100.25028096278879,290074,96.30991092888449,212190,25051,-793070,-77884
2809,TILE SHOP HLDGS INC,18.071486998040672,52569,15.506807866868384,7932,15.29328257082016,15497,9.260680480941415,19545,-44637,7565,4048
2810,TIM HORTONS INC,58.37998444012015,2102844,55.30996401060882,2207595,54.72986218494647,2688313,78.80960690377232,346709,104751,480718,-2341604
2811,TIM PARTICIPACOES S A,26.251886854367662,45711,25.97111474044897,31227,29.021968641897654,44518,26.194926568758344,149800,-14484,13291,105282
2812,TIME WARNER CABLE INC,135.50034088000808,1394919,137.18006138876677,2433670,147.29931967870903,1244853,143.48927831140145,1149166,1038751,-1188817,-95687
2813,TIME WARNER INC,69.72008134974877,3262948,65.33008485309354,3766274,70.24985192388117,3699111,75.20995578630442,2699616,503326,-67163,-999495
2814,TIMKEN CO,55.07002555375792,3487941,58.780064197143666,3367128,67.83999426860018,3852462,42.38992517667759,2678042,-120813,485334,-1174420
2815,TIMMINS GOLD CORP,1.1493427196322104,13921,1.2755915555839021,15679,1.7389864193441538,12076,1.2649221282314806,12649,1758,-3603,573
2816,TITAN INTL INC ILL,17.98117826128935,176073,18.985864781970925,59992,16.825851266045575,85226,11.816275967219365,57717,-116081,25234,-27509
2817,TITAN MACHY INC,17.833082349211377,37851,15.663169995689035,20877,16.489520214562432,10067,12.998266897746966,18464,-16974,-10810,8397
2818,TIVO INC,13.119530804934769,1070770,13.234555499748868,79640,12.908104379203756,75379,12.79508918127026,179522,-991130,-4261,104143
2819,TJX COS INC NEW,63.729480361507186,1958246,60.6496530827149,1922072,53.14964949147296,2597797,59.16988710708091,1248794,-36174,675725,-1349003
2820,TOLL BROTHERS INC,37.000025916253904,13119180,35.900021939741826,8933560,36.899966312707136,10015646,31.160006167749373,11187225,-4185620,1082086,1171579
2821,TOOTSIE ROLL INDS INC,32.543138203515575,31005,29.94229084207028,66194,29.461279461279464,20196,27.98213906017436,23515,35189,-45998,3319
2822,TORCHMARK CORP,78.15112577017338,436590,78.70024543805356,412324,81.91990765975184,592591,52.36902528130221,814871,-24266,180267,222280
2823,TORNIER N V,18.79125382233041,612519,21.21975936771436,1585739,23.380126491450934,1620821,23.900485065579076,960901,973220,35082,-659920
2824,TORO CO,63.60105088406427,186129,63.19248076704916,238003,63.59979201444953,365410,59.23021479025515,346850,51874,127407,-18560
2825,TORONTO DOMINION BK ONT,94.24013846745588,1123152,46.95021358357857,2907761,51.409897549742844,1813075,49.39006335613202,2380985,1784609,-1094686,567910
2826,TOTAL S A,61.270563657174634,949673,65.5994923853696,1216671,72.20056282205495,1344297,64.45001732065718,1688735,266998,127626,344438
2827,TOTAL SYS SVCS INC,33.279302391478545,656414,30.40850882965888,583488,31.409910599915193,900894,30.95894347706817,688977,-72926,317406,-211917
2828,TOWER INTL INC,21.400633463001935,188172,27.224225391261378,129517,36.8417547959054,165193,25.190230885369907,199363,-58655,35676,34170
2829,TOWERS WATSON & CO,127.60791863109944,163109,114.04716098762805,131507,104.2302502940179,138597,99.49610543024843,108356,-31602,7090,-30241
2830,TOWERSTREAM CORP,2.92628914900348,12644,2.3818975784041285,15114,1.9460323527878651,57553,1.4739489662073535,73951,2470,42439,16398
2831,TOWN SPORTS INTL HLDGS INC,14.760111680383348,1643619,8.489814654847121,1603333,6.6497927205414005,1673586,6.70335167583792,119940,-40286,70253,-1553646
2832,TOYOTA MOTOR CORP,121.91977523194763,224943,112.90245723271437,251828,119.6600851202332,282659,117.52744269927588,326043,26885,30831,43384
2833,TRACTOR SUPPLY CO,77.58060992458253,324991,70.63037628904472,415133,60.40070652297128,485193,61.512335902579814,227304,90142,70060,-257889
2834,TRADE STR RESIDENTIAL INC,6.3428672109003355,17027,7.58322768465042,127782,7.4846871601122,69876,7.144585114103703,62005,110755,-57906,-7871
2835,TRANSALTA CORP,12.682178725607846,200833,11.639247354279995,468587,12.26694417711552,217169,10.497896488905782,228903,267754,-251418,11734
2836,TRANSATLANTIC PETROLEUM LTD,0.8512873457041685,110421,8.662242403073698,14315,11.413632595804375,15683,8.996675141795421,30678,-96106,1368,14995
2837,TRANSCANADA CORP,45.660381020778544,1545585,45.52024348570439,2355128,47.71959054277295,1771809,51.53038654439503,2142988,809543,-583319,371179
2838,TRANSDIGM GROUP INC,161.023019568261,61426,185.2102490612104,75363,167.2642289994339,137782,184.33074322027088,161769,13937,62419,23987
2839,TRANSMONTAIGNE PARTNERS L P,42.502281753373296,81078,43.08197044821036,81078,43.770358306188925,19648,41.23341699533884,8367,0,-61430,-11281
2840,TRANSOCEAN LTD,49.4194390084801,843150,41.33956700407233,971926,45.030464584920026,1113424,31.969747622603467,1920378,128776,141498,806954
2841,TRAVELCENTERS OF AMERICA LLC,9.737473924508992,127035,8.146625220155356,142513,8.881919685012333,174737,9.879662175356378,163872,15478,32224,-10865
2842,TRAVELERS COMPANIES INC,90.53997755310648,4392590,85.10018609660631,4319262,94.07021645182014,2051542,93.94034371117296,1780332,-73328,-2267720,-271210
2843,TRC COS INC,7.156233279828785,14952,6.630880959898957,12668,6.2069243480714205,24811,6.546042953809946,27192,-2284,12143,2381
2844,TREDEGAR CORP,28.80889537822205,53421,23.008321337031703,284810,23.407225417387906,179090,18.409138110072693,120375,231389,-105720,-58715
2845,TREEHOUSE FOODS INC,68.91976552555239,1503618,71.99052592212973,1443940,80.06984877502815,1432237,80.50064925292556,1787439,-59678,-11703,355202
2846,TREMOR VIDEO INC,5.797869209488492,67956,4.124026271574767,39282,4.711883456533956,46266,2.33853480164973,47038,-28674,6984,772
2847,TREX CO INC,79.52903768389766,434005,73.16065883683231,452798,28.819738090406503,970793,34.57093328284156,543983,18793,517995,-426810
2848,TRI CONTL CORP,19.983199964631506,90476,20.08236946940975,103922,20.985977464465407,52273,20.860795513987398,47793,13446,-51649,-4480
2849,TRIANGLE CAP CORP,27.646917231181874,29081,25.89144840643736,63380,28.371534037256414,116490,25.315665758325878,96146,34299,53110,-20344
2850,TRIANGLE PETE CORP,8.315210438787258,132889,8.239113514399246,195288,11.750628215866938,292495,11.004771492401467,72514,62399,97207,-219981
2851,TRICO BANCSHARES,28.370479971612788,597452,25.93011688209574,585034,23.138450145536698,583358,22.620757830057176,562448,-12418,-1676,-20910
2852,TRIMAS CORP,39.888717620963185,26599,33.26628500696271,6463,38.18580833942941,13670,24.33032176256141,12618,-20136,7207,-1052
2853,TRIMBLE NAVIGATION LTD,34.70006849985322,562045,38.869843373647534,470802,36.950065068636924,381136,30.50028043510889,506356,-91243,-89666,125220
2854,TRINA SOLAR LIMITED,13.670122848023635,327722,13.449484898942726,295476,12.828892084181435,321306,12.07026043929342,543236,-32246,25830,221930
2855,TRINITY INDS INC,54.51672776917058,130382,72.06943931750132,195048,43.71993885694322,678409,46.72122690647434,300463,64666,483361,-377946
2856,TRIPADVISOR INC,82.83209249938075,427938,90.58999908830909,592306,108.66063209573488,495368,91.41969702066584,891810,164368,-96938,396442
2857,TRIPLE-S MGMT CORP,19.44418539587802,85784,16.131450705985255,80030,17.9447705186183,41572,19.90031651326081,27487,-5754,-38458,-14085
2858,TRIQUINT SEMICONDUCTOR INC,8.340004536182414,2830574,13.389957299705884,3228315,15.811506347935493,218575,19.070207940450768,240742,397741,-3009740,22167
2859,TRIUMPH GROUP INC NEW,76.06983257480591,3107776,64.57992380817524,4406772,69.82015281418701,3665890,65.04980500700924,3349864,1298996,-740882,-316026
2860,TRONOX LTD,23.10880829015544,9650,23.789615643964936,37075,26.89975963313289,121897,26.049465778551337,1205399,27425,84822,1083502
2861,TRUEBLUE INC,25.77909640045705,965317,29.259896729776248,1044638,27.569625618427487,684195,25.259770267198725,664337,79321,-360443,-19858
2862,TRUETT-HURST INC,4.182417759189255,12433,4.946079623773615,12333,4.971976134514555,11062,5.526363471643415,11038,-100,-1271,-24
2863,TRULIA INC,35.264343521428366,71914,33.20865181330298,92235,47.38001804305668,1029759,48.900241208786774,991672,20321,937524,-38087
2864,TRUSTCO BK CORP N Y,7.181785270491082,204406,7.065288499280388,15286,6.685138760610457,45474,6.426770824676584,36099,-189120,30188,-9375
2865,TRUSTMARK CORP,26.842524743370003,375151,25.34992223950233,398660,24.68993084455953,389268,23.03316047456833,401291,23509,-9392,12023
2866,TRW AUTOMOTIVE HLDGS CORP,74.38992795393092,1069177,81.61433060430517,93562,89.51989856745453,105686,101.25032394244528,266251,-975615,12124,160565
2867,TSAKOS ENERGY NAVIGATION LTD,6.011742562575497,35597,7.760339055212588,1240152,6.690113654711511,1424490,6.380129807679535,752806,1204555,184338,-671684
2868,TTM TECHNOLOGIES  INC,8.579515590364041,306311,8.45044963622396,199161,8.198371397799676,198698,6.80349763704025,43801,-107150,-463,-154897
2869,TUMI HLDGS INC,22.554297382587713,129288,22.62509389750317,89193,20.125163207419746,66633,20.349056177405505,265516,-40095,-22560,198883
2870,TUPPERWARE BRANDS CORP,94.5315970605394,186837,83.75612568463535,69380,83.70797997343412,78296,69.03271445923039,74921,-117457,8916,-3375
2871,TURQUOISE HILL RES LTD,2.3324136417753976,11074365,3.3298829077279377,8400896,3.340007204094233,9983212,3.7399402084666837,11534409,-2673469,1582316,1551197
2872,TUTOR PERINI CORP,26.290782388343363,15785,28.66658235318916,23721,31.738608868918124,49183,26.40893002994827,33057,7936,25462,-16126
2873,TW TELECOM INC,30.469984223861108,4560685,31.259813806439773,4543981,40.31020631055153,2937271,41.61004064820667,2938137,-16704,-1606710,866
2874,TWENTY FIRST CENTY FOX INC,35.14953537763362,12764237,31.843339140528737,14720818,35.08166316805006,13763059,34.234936884112784,16306354,1956581,-957759,2543295
2875,TWITTER INC,63.6526279657579,192278,46.67013745519392,668436,40.96951127095768,1220615,51.580135659731525,1542241,476158,552179,321626
2876,TWO HBRS INVT CORP,9.280003442435037,17568959,10.250029116335817,17610389,10.479887750135768,6741389,9.66998740161401,6265882,41430,-10869000,-475507
2877,TYCO INTERNATIONAL LTD,41.04007579839264,7917846,42.40002111072281,7162237,45.59993319503411,2886013,44.57030809163753,2126640,-755609,-4276224,-759373
2878,TYLER TECHNOLOGIES INC,102.13647111496648,71473,83.69254884397917,17863,91.2033511043412,15756,88.4074185636215,46478,-53610,-2107,30722
2879,TYSON FOODS INC,33.46000392394139,5830872,44.01015506429065,5331724,37.540159408255185,6230794,39.83011187232706,10372002,-499148,899070,4141208
2880,U S G CORP,28.377850647458825,161323,32.71806210554304,214377,30.131441685791774,239650,27.49000734154499,183885,53054,25273,-55765
2881,U S GEOTHERMAL INC,0.3786629240215042,2500905,0.7499070312301184,2436302,0.6000081082176786,739990,0.5553087516659262,90040,-64603,-1696312,-649950
2882,U S PHYSICAL THERAPY INC,35.26739459631784,25094,34.570541214805765,19641,34.15935295129926,11622,35.43781180113539,5813,-5453,-8019,-5809
2883,U S SILICA HLDGS INC,34.13605773129003,12333,38.17037723192896,156535,55.44134815491599,157608,62.514988198765614,79229,144202,1073,-78379
2884,UBIQUITI NETWORKS INC,45.95627255359796,56532,45.45019227652458,271484,45.18373171601856,56060,37.54129233429039,32391,214952,-215424,-23669
2885,UBS AG,19.249946075004498,13504869,20.719989172115067,13808791,18.320033873287468,13858708,17.3700158539534,19976090,303922,49917,6117382
2886,UDR INC,23.349857268107424,1203305,25.82921869065419,1039985,28.62971414481872,859806,27.249649717880892,1478808,-163320,-180179,619002
2887,UGI CORP NEW,41.4593245988357,293396,45.610872178055814,276228,50.50031269543464,287820,34.08914182084651,758746,-17168,11592,470926
2888,UIL HLDG CORP,38.74624367606224,131445,36.80316539743625,36899,38.7207721964885,36053,35.39659690695014,27093,-94546,-846,-8960
2889,ULTA SALON COSMETCS & FRAG I,96.52364273204904,114200,97.43830244207464,147129,91.40961595720587,785902,118.16993788167619,1371254,32929,638773,585352
2890,ULTIMATE SOFTWARE GROUP INC,153.2164410684029,52527,137.0023419203747,27328,138.1669672218097,18854,141.51763682936576,42553,-25199,-8474,23699
2891,ULTRA CLEAN HLDGS INC,10.02966036312514,116654,13.139617824830124,26637,9.035771753929943,16158,8.965856055023336,16284,-90017,-10479,126
2892,ULTRA PETROLEUM CORP,21.649488896125593,236449,26.889186038538018,699984,29.690942991129447,389378,23.257550304252067,160722,463535,-310606,-228656
2893,ULTRAPAR PARTICIPACOES S A,23.65097523633901,351402,24.090548078367878,326103,23.60049707503466,473168,21.116750757319924,396794,-25299,147065,-76374
2894,ULTRAPETROL BAHAMAS LTD,3.758099352051836,23150,3.098919477282789,60989,2.974026832330976,30262,3.1155105099183658,25357,37839,-30727,-4905
2895,UMB FINL CORP,64.28037673468955,1229831,64.70036268095859,1145635,63.38973462250566,1166640,54.549847412702505,1121653,-84196,21005,-44987
2896,UMPQUA HLDGS CORP,19.13932109684114,711206,18.64012853109548,320545,17.921120923386788,413088,16.47110882379112,415819,-390661,92543,2731
2897,UNDER ARMOUR INC,87.30045610034206,603376,114.6404276346638,693115,59.49015323970956,2324267,69.0995958859418,2021459,89739,1631152,-302808
2898,UNIFI INC,27.243437884961626,21106,23.06347312036857,36031,27.50530488049005,24977,25.88996763754045,9888,14925,-11054,-15089
2899,UNIFIRST CORP MASS,107.00721821210439,45025,109.92930386599579,15701,105.98470867387293,15172,96.62045060658579,9232,-29324,-529,-5940
2900,UNILEVER N V,40.22979090556621,366246,41.11967934065831,426122,43.75840570079447,440921,39.680225600229775,459574,59876,14799,18653
2901,UNILEVER PLC,41.20085881394832,216112,42.78237853662449,249355,45.311565469729516,270858,41.900968710973096,296270,33243,21503,25412
2902,UNILIFE CORP NEW,4.399343031440639,102288,4.074736632876168,80496,2.9665305552647183,57306,2.294747577766445,141192,-21792,-23190,83886
2903,UNION PAC CORP,167.9999478125295,1532935,187.65992087049565,1406555,99.75014001510559,2930041,108.42023714236893,2335053,-126380,1523486,-594988
2904,UNISYS CORP,33.567508852116745,141774,30.450124152866717,53563,24.728663048840648,16216,23.42890975217796,11823,-88211,-37347,-4393
2905,UNIT CORP,51.622724048238354,67664,65.3803560780305,70434,68.83185849492037,201491,58.6425702811245,124500,2770,131057,-76991
2906,UNITED BANKSHARES INC WEST V,31.444831488096558,180284,30.617989828409144,319714,32.33504490035965,88418,30.934866784893547,95297,139430,-231296,6879
2907,UNITED CMNTY BKS BLAIRSVLE G,17.749857779134466,288284,19.409856177626494,332563,16.36882918625572,238441,16.465024197096348,90920,44279,-94122,-147521
2908,UNITED CONTL HLDGS INC,37.83002629533856,5910173,44.630138083893826,4293332,41.070026112604225,4452639,46.790047436277504,3545177,-1616841,159307,-907462
2909,UNITED FIRE GROUP INC,28.6581960346272,114592,30.35003832536409,54794,29.31306926122543,56323,27.769948770661674,60317,-59798,1529,3994
2910,UNITED MICROELECTRONICS CORP,2.0398317115731563,2163904,2.0797619698870218,2065621,2.4097789494181523,1956611,1.9901171394888,1993350,-98283,-109010,36739
2911,UNITED NAT FOODS INC,75.39393097379968,86373,70.92371123460269,78098,65.09486891767827,78424,61.45781446428995,84318,-8275,326,5894
2912,UNITED ONLINE INC,13.764079712835748,80790,11.568796022875938,53506,10.40491248327079,76214,10.943651213349789,68076,-27284,22708,-8138
2913,UNITED PARCEL SERVICE INC,105.0797539216816,4044566,97.38009125621024,3621233,102.65981579968913,3052655,98.28995358507021,2784018,-423333,-568578,-268637
2914,UNITED RENTALS INC,77.94948288172378,282914,94.94111363476965,185357,104.72860238098595,212769,111.10095395367351,339115,-97557,27412,126346
2915,UNITED STATES ANTIMONY CORP,1.9672760424163904,125046,1.8230857599520505,120126,1.421255457853951,214599,1.2712249160083535,187221,-4920,94473,-27378
2916,UNITED STATES CELLULAR CORP,41.82006827766249,179268,41.009760278707105,180835,40.79816980172853,86548,35.450688673214394,17207,1567,-94287,-69341
2917,UNITED STATES LIME & MINERAL,61.23239891486888,7741,56.36584624734124,6582,64.77561388653686,4724,58.029014507253635,3998,-1159,-1858,-726
2918,UNITED STATES NATL GAS FUND,20.689989823032942,9129439,24.42024172352752,1887942,24.59996202220352,1927442,22.110157801591466,1137441,-7241497,39500,-790001
2919,UNITED STATES OIL FUND LP,35.31997837036218,3835478,36.58968295549483,2118630,38.8799683571155,3099591,34.40976491844512,2003007,-1716848,980961,-1096584
2920,UNITED STATES STL CORP NEW,29.50012799151424,1304774,27.610472174890905,759422,26.040082022394856,2070654,39.17045715704738,1296666,-545352,1311232,-773988
2921,UNITED STATIONERS INC,45.89179245073918,90234,41.05795856010693,10473,41.46670034520503,23754,37.589112119248206,18516,-79761,13281,-5238
2922,UNITED TECHNOLOGIES CORP,113.80020898915191,2902543,116.83981743450408,2476262,115.03756882818544,2361133,101.93992642075709,1983168,-426281,-115129,-377965
2923,UNITED THERAPEUTICS CORP DEL,113.0788808121892,502543,94.028869012166,386158,88.4905973717998,560003,128.65120013625472,328796,-116385,173845,-231207
2924,UNITEDHEALTH GROUP INC,75.30000697690643,8026480,81.99013768711492,6624004,81.74996383565198,6041862,86.25004743000385,4506641,-1402476,-582142,-1535221
2925,UNITIL CORP,30.49536733056103,27414,32.839395300104776,33405,33.82335365124895,25101,31.089225341760987,13606,5991,-8304,-11495
2926,UNIVERSAL AMERN CORP NEW,7.317583106836713,23915,7.066063898491813,52646,8.329911829588237,143699,8.040431064391408,279587,28731,91053,135888
2927,UNIVERSAL CORP VA,54.587295074656154,56057,55.88932768299077,207893,55.343934092217744,45154,44.389013294027606,35279,151836,-162739,-9875
2928,UNIVERSAL DISPLAY CORP,34.362482991241684,52179,31.915060212662674,63857,32.093917227837785,72319,32.63032232391564,37695,11678,8462,-34624
2929,UNIVERSAL ELECTRS INC,38.11685983988529,41845,38.37530011707046,50397,48.87191075720076,55758,49.36792865120344,123562,8552,5361,67804
2930,UNIVERSAL FST PRODS INC,52.14837119367076,67749,55.24734165510865,4326,48.213517003874294,6969,42.68883561993165,19607,-63423,2643,12638
2931,UNIVERSAL HEALTH RLTY INCM T,40.05644236705177,56695,42.25205265215692,38365,43.48911212329194,32054,41.68813156330494,25235,-18330,-6311,-6819
2932,UNIVERSAL HLTH SVCS INC,81.25884534148932,232467,82.07128707186128,278648,95.762046263152,276289,104.4989330593535,506120,46181,-2359,229831
2933,UNIVERSAL INS HLDGS INC,14.474815196836856,29085,12.684249661024364,22863,12.991512212021478,11546,12.926527896587775,10521,-6222,-11317,-1025
2934,UNIVERSAL TECHNICAL INST INC,13.910182103728078,53486,12.949437211107586,28341,12.139412909229335,23642,9.355981469706604,22018,-25145,-4699,-1624
2935,UNUM GROUP,35.07960334614307,1041916,35.30987233001193,4257931,34.76016797485036,4035366,34.38019898479779,3718274,3216015,-222565,-317092
2936,UNWIRED PLANET INC NEW,1.3825827299873197,122235,2.16726334993073,145806,2.228707577605764,175438,1.853828436604685,71204,23571,29632,-104234
2937,UR ENERGY INC,1.384448863493342,39727,1.5496900619876024,20004,1.1401144898186977,125426,1.0179094444711192,208270,-19723,105422,82844
2938,URANIUM ENERGY CORP,2.0053654667153897,112199,1.3175722531018956,187466,1.5640255173132884,105497,1.2522069547862134,208432,75267,-81969,102935
2939,URBAN OUTFITTERS INC,37.09984940780221,2610361,36.470291733173745,1440323,33.860320032598075,1281057,36.70050971577197,1231863,-1170038,-159266,-49194
2940,URS CORP NEW,52.99363222199213,154528,47.06272312816862,184031,45.85475226949579,146288,57.6093716338982,246019,29503,-37743,99731
2941,US BANCORP DEL,40.40002456895275,6854179,42.86021192710616,5385531,43.32005276369274,5428733,41.830015810260726,4458497,-1468648,43202,-970236
2942,US ECOLOGY INC,37.10857795793998,36757,37.15819493373595,11922,48.93821550292756,11443,46.678287817160566,5163,-24835,-479,-6280
2943,USA COMPRESSION PARTNERS LP,26.799513471592213,716916,26.239381260301762,788700,25.680184671527595,1250653,24.29040516473731,1437440,71784,461953,186787
2944,USANA HEALTH SCIENCES INC,75.58488874476626,104849,75.33991116536126,88479,78.12064058925283,71684,73.66407553620122,49142,-16370,-16795,-22542
2945,UTI WORLDWIDE INC,17.559926399542938,119021,10.59332488937871,121586,10.337105610429079,150042,10.62994121224407,78928,2565,28456,-71114
2946,V F CORP,62.34015131175615,1642569,61.87994353491579,2024614,63.00017027073046,1932217,66.02980137091913,2140170,382045,-92397,207953
2947,VAALCO ENERGY INC,6.890359590641136,246141,8.54940565504153,213933,7.230666008661273,360686,8.499077073619134,269794,-32208,146753,-90892
2948,VAIL RESORTS INC,75.23003560286023,1099069,69.70008604948896,809999,77.17984979404062,810354,86.75941184375245,848346,-289070,355,37992
2949,VALE S A,14.776041591054168,6957073,13.58820067685653,3367922,12.967993453476558,4206202,10.901791445837736,9834347,-3589151,838280,5628145
2950,VALEANT PHARMACEUTICALS INTL,117.40023101880614,1213754,131.82994650986842,1506820,126.11987006881857,4056609,131.20029784976322,2616084,293066,2549789,-1440525
2951,VALERO ENERGY CORP NEW,50.399802748985245,2490228,53.099861120716064,2993247,50.099907982334344,2775554,46.269992439629775,3038211,503019,-217693,262657
2952,VALERO ENERGY PARTNERS LP,34.44965277777778,1152000,39.59024341124704,1152001,50.31066666666666,750000,44.630683806264955,828802,1,-402001,78802
2953,VALHI INC NEW,17.580205990292413,50682,8.819870256820405,45012,6.421980725856058,121925,6.528754500177209,107218,-5670,76913,-14707
2954,VALIDUS HOLDINGS LTD,40.28988601306523,3213263,37.7100979200143,3759497,38.24005926411834,3536710,39.1399352025209,3560941,546234,-222787,24231
2955,VALLEY NATL BANCORP,10.119993066438377,1130732,10.410274440778053,1373739,9.90951239008793,781875,9.692122463020297,348840,243007,-591864,-433035
2956,VALMONT INDS INC,149.12271589291836,96263,148.84225077759277,63658,151.95341574115963,68521,134.92734681325442,65035,-32605,4863,-3486
2957,VALSPAR CORP,71.28983700667922,2311199,72.11980197567208,2187610,76.18991798024442,2422709,78.98995096988149,2098710,-123589,235099,-323999
2958,VANDA PHARMACEUTICALS INC,12.409410702767255,500749,16.250607385811467,329280,16.179428686480357,526471,10.379341187574422,728948,-171469,197191,202477
2959,VANGUARD ADMIRAL FDS INC,88.26901031715704,2617,97.571189279732,4776,93.2564078312683,21146,91.60609379667429,20086,2159,16370,-1060
2960,VANGUARD BD INDEX FD INC,80.07607968075455,857522,80.8439319782276,973159,82.17705775284875,774109,81.7438501105736,855991,115637,-199050,81882
2961,VANGUARD INDEX FDS,98.09962868783556,10677808,101.97458225002308,12721425,104.56329311171407,15199703,104.71503311397088,9446466,2043617,2478278,-5753237
2962,VANGUARD INTL EQUITY INDEX F,43.494476622650225,37765209,43.03879555689886,40635942,45.679570385600464,33353072,43.805811544425104,38459897,2870733,-7282870,5106825
2963,VANGUARD MALVERN FDS,49.330454823934424,685540,49.33046211727433,606015,50.119291699243995,596018,49.36980334308422,719934,-79525,-9997,123916
2964,VANGUARD NAT RES LLC,29.51952675044416,768305,29.76963059106615,168729,32.192217733361694,47030,27.45903651929089,122182,-599576,-121699,75152
2965,VANGUARD SCOTTSDALE FDS,67.0197584761776,177291,71.39186962762591,603318,66.72596802502596,335012,77.89390436124583,364162,426027,-268306,29150
2966,VANGUARD SPECIALIZED PORTFOL,75.23886838206383,668883,75.22992867801662,1009226,77.95006259061296,1080833,76.9500749894568,1074151,340343,71607,-6682
2967,VANGUARD STAR FD,52.3781747718712,101149,52.1983140049369,171768,54.288795406631635,102931,51.00224217404275,103917,70619,-68837,986
2968,VANGUARD TAX MANAGED INTL FD,41.67999288666461,11077785,41.269999505351464,13181076,42.590005670241574,13941205,39.749983333040205,17114699,2103291,760129,3173494
2969,VANGUARD WHITEHALL FDS INC,62.32088732522321,484332,63.12055089177613,473269,66.31540276112766,517180,66.4095567783287,529216,-11063,43911,12036
2970,VANGUARD WORLD FD,71.68654919557842,91370,70.54132098822019,43634,76.78107124284972,38460,77.76911076443058,38460,-47736,-5174,0
2971,VANGUARD WORLD FDS,91.4509745939043,838657,85.81535783579648,1192642,92.00167982406052,542914,97.45198782072292,506434,353985,-649728,-36480
2972,VANTAGE DRILLING COMPANY,1.8449221129579672,57455,1.707357157204682,109526,1.9178690344062157,112625,1.273234111099322,103673,52071,3099,-8952
2973,VANTIV INC,32.61284655923012,78558,30.222978418554675,111670,33.62036145387768,178612,30.89310379678604,89049,33112,66942,-89563
2974,VARIAN MED SYS INC,77.6911799142732,392876,83.99079258874954,335382,83.13764253571584,366224,80.11813139904761,316258,-57494,30842,-49966
2975,VASCO DATA SEC INTL INC,7.734029730815588,79648,7.552870090634443,21846,11.593369742263105,62622,18.77501206255499,70466,-57802,40776,7844
2976,VASCULAR SOLUTIONS INC,23.15082268866209,46737,26.198667971339287,31681,22.18685639393372,32046,24.72013494862751,32605,-15056,365,559
2977,VECTOR GROUP LTD,16.362099926058942,94670,21.539308866544108,268718,20.689655172413797,50025,22.176605786269455,113994,174048,-218693,63969
2978,VECTREN CORP,35.49880131683089,348716,39.388440404314494,353784,42.50012408795354,161176,39.900230809321705,134310,5068,-192608,-26866
2979,VEECO INSTRS INC DEL,32.908131466323184,120335,41.94669004253108,30801,37.2319079680742,22427,34.94736842105263,16625,-89534,-8374,-5802
2980,VEEVA SYS INC,32.25806451612903,1426,26.696777836028552,24797,25.4506371025368,508003,28.170108104951442,1763749,23371,483206,1255746
2981,VENTAS INC,57.279807170036364,3382047,60.57003619746043,3150221,64.09973575077821,3095941,61.950311780728406,2572481,-231826,-54280,-523460
2982,VEOLIA ENVIRONNEMENT,16.36525530412355,65138,19.87753179463024,95535,18.998653730096095,86164,17.545368538746022,81389,30397,-9371,-4775
2983,VERIFONE SYS INC,26.815044372446824,177475,33.8190399052989,256808,36.75065062847143,266281,34.38280001584766,151442,79333,9473,-114839
2984,VERINT SYS INC,42.93942795791749,1102786,46.92995344994272,1174005,49.05014629411748,1417692,55.60956512694342,1220977,71219,243687,-196715
2985,VERISIGN INC,59.78020546268586,1013128,53.91075665450465,898151,48.8101296590279,1053224,55.119686220897776,854359,-114977,155073,-198865
2986,VERISK ANALYTICS INC,65.72371181006935,193081,59.96339510409517,218550,60.02084344466141,265791,60.888482241062135,205474,25469,47241,-60317
2987,VERIZON COMMUNICATIONS INC,49.139934018634264,10436583,47.56997844790076,28842666,48.930015153084966,22208679,49.989933865143264,17106864,18406083,-6633987,-5101815
2988,VERMILION ENERGY INC,58.620986485323236,127787,62.45320221634303,160264,69.74070525697685,161785,60.76972104680529,208673,32477,1521,46888
2989,VERSAR INC,4.8307601919247976,30637,3.9898075504593296,29826,3.2590051457975986,29150,3.2305127136306795,28788,-811,-676,-362
2990,VERTEX PHARMACEUTICALS INC,74.29987836667674,4451905,70.7199513451895,3689666,94.67985693792544,2819755,112.3102188722576,2034383,-762239,-869911,-785372
2991,VIACOM INC NEW,87.34006885402472,4803786,84.98992097565451,4838762,86.73009208786152,4950381,76.94006448478423,4550841,34976,111619,-399540
2992,VIAD CORP,27.784589729756235,81556,24.037092772603412,49174,23.84784530637227,44113,20.659318934414078,20233,-32382,-5061,-23880
2993,VIASAT INC,62.65159020257576,146365,69.06268767034693,21647,57.998176476547464,19742,55.11775767887526,22334,-124718,-1905,2592
2994,VICAL INC,1.182294420147066,104035,1.2913796934014663,72016,1.2213581084607756,191590,1.1191503410610666,357414,-32019,119574,165824
2995,VIEWPOINT FINL GROUP INC MD,27.449932513962718,1901134,28.850384408991836,1966005,26.909718716555943,1980920,23.940070229875282,1928524,64871,14915,-52396
2996,VIMPELCOM LTD,12.939875658101823,879993,9.027007418233818,190207,8.400198185266943,882003,7.219160501283406,211936,-689786,691796,-670067
2997,VIOLIN MEMORY INC,3.9586869998145486,140198,4.000432207499807,397957,4.438807863031071,34694,4.867875386234437,208099,257759,-363263,173405
2998,VIPSHOP HLDGS LTD,83.67992103879756,1118524,149.2998825825161,1435902,187.74030872134497,2575073,189.01019105822482,1710421,317378,1139171,-864652
2999,VIRNETX HLDG CORP,19.409282700421947,75840,14.18382045443985,86084,17.612091835063698,122132,5.999789628694646,237675,10244,36048,115543
3000,VIRTUS INVT PARTNERS INC,200.0538298158669,170909,173.17048604572747,228353,211.7482406781125,277948,173.69767509276437,275968,57444,49595,-1980
3001,VIRTUSA CORP,38.096690043026044,59034,33.5064935064935,11550,35.79150756774164,21737,35.57194101235552,20072,-47484,10187,-1665
3002,VISA INC,222.6800830845575,5197115,215.85978600777474,3756772,210.70996112003448,3814561,213.3701500319973,3797190,-1440343,57789,-17371
3003,VISHAY INTERTECHNOLOGY INC,13.262108450462124,226887,14.881502639353727,265027,15.492704616859255,300464,14.291332131738491,305150,38140,35437,4686
3004,VISHAY PRECISION GROUP INC,14.891039514339774,146934,17.380439284285305,142459,16.46323332100404,137883,14.936064095081447,113082,-4475,-4576,-24801
3005,VISTA GOLD CORP,0.3801896114350624,1075779,0.5178816535161217,712518,0.49963457577569603,752550,0.4101296702184606,750982,-363261,40032,-1568
3006,VISTAPRINT N V,56.850001818285726,192489,49.22664753720364,136613,40.46134561851894,122858,54.804597701149426,21750,-55876,-13755,-101108
3007,VISTEON CORP,81.90021155036195,69487,88.44816575604912,28186,97.0102352307416,44552,97.246244879381,43940,-41301,16366,-612
3008,VITAMIN SHOPPE INC,52.01004163698492,525014,47.55158062516603,22586,43.027910367690545,72697,44.401924646163366,35539,-502428,50111,-37158
3009,VITESSE SEMICONDUCTOR CORP,2.8947202819205837,15891,4.212649816067404,33708,3.434677521943773,23583,3.598771693367978,71969,17817,-10125,48386
3010,VIVUS INC,9.080740189692829,923493,5.940655328540928,484795,5.320368422776417,824379,3.86059240960062,412890,-438698,339584,-411489
3011,VMWARE INC,89.70700660989061,317857,108.0203818188962,1043479,96.81107782700208,934046,93.84131776460177,659784,725622,-109433,-274262
3012,VOCERA COMMUNICATIONS INC,15.609836919217024,929478,16.330390718591644,1248776,13.20010682364439,1759910,8.06995206710605,1709056,319298,511134,-50854
3013,VODAFONE GROUP PLC NEW,39.3099835426552,7013282,36.80999227711372,6715106,33.390123931741364,5822560,32.88993143002288,4590493,-298176,-892546,-1232067
3014,VOLCANO CORPORATION,21.850234492581354,755461,19.7101994245278,542511,17.609895787205147,745206,10.6403168056276,632312,-212950,202695,-112894
3015,VONAGE HLDGS CORP,3.3308078022635748,553019,4.269852894639289,442404,3.7498575054147945,333346,3.2787732542551367,309567,-110615,-109058,-23779
3016,VORNADO RLTY TR,88.7898875883069,1400655,98.56035839602093,1376801,106.72957274641549,1383862,99.95966971620216,1413330,-23854,7061,29468
3017,VRINGO INC,2.974398923550865,28241,3.4633038924884416,60347,3.4137577002053385,77920,0.9466359590528725,244022,32106,17573,166102
3018,VULCAN MATLS CO,59.42212461783577,580575,66.45111864885162,396818,63.75036761656274,397833,60.22899949348192,450132,-183757,1015,52299
3019,W & T OFFSHORE INC,16.003247741804525,246325,17.30575176589304,158560,16.37297385860937,176999,11.004321858665461,112683,-87765,18439,-64316
3020,W P CAREY INC,61.35390415309279,97614,60.063451094262525,74388,64.39382892472804,68578,63.766683143845775,139587,-23226,-5810,71009
3021,WABASH NATL CORP,12.350990409608315,111570,13.762155477693883,106742,14.249022744015345,150677,13.317553596691694,147024,-4828,43935,-3653
3022,WABCO HLDGS INC,93.41174803372778,352825,105.55952028685314,344706,106.81980656634585,338514,90.9494619681288,389568,-8119,-6192,51054
3023,WABTEC CORP,74.27011205016515,172869,77.49891991673539,254610,82.58574176143331,154942,81.03921940128838,211120,81741,-99668,56178
3024,WADDELL & REED FINL INC,65.11975867269986,414375,73.62013087037425,405745,62.59097525473072,342126,51.69051219417626,515820,-8630,-63619,173694
3025,WAL-MART STORES INC,78.69002850106399,8984226,76.42995861347784,7397819,75.06989063260609,7393337,76.47025154727531,5992631,-1586407,-4482,-1400706
3026,WALGREEN CO,57.44003805809951,8832811,66.03007296221178,7479077,74.12998104886931,8663863,59.26992577077665,3093795,-1353734,1184786,-5570068
3027,WALTER ENERGY INC,16.630245237622233,226515,7.5597662475650775,1129400,5.4494985917026115,440958,2.3414411284604078,210127,902885,-688442,-230831
3028,WALTER INVT MGMT CORP,35.360332942336946,878951,29.85074626865672,31423,29.77117527255301,16694,21.95256024541473,169183,-847528,-14729,152489
3029,WARREN RES INC,3.140325840498975,276086,4.798006915659029,232805,6.197147472564112,173951,5.301007972715992,448028,-43281,-58854,274077
3030,WASHINGTON FED INC,23.28816671767619,215646,23.29851995669876,228169,22.430535972907048,365261,20.361758073118924,213734,12523,137092,-151527
3031,WASHINGTON REAL ESTATE INVT,23.36280175433623,246931,23.88186811204053,138557,25.974971426075435,137363,25.38184369120883,156805,-108374,-1194,19442
3032,WASTE CONNECTIONS INC,43.62974210974056,1907827,43.86038443930025,2016079,48.550413133284884,2189003,48.520026860292674,2069970,108252,172924,-119033
3033,WASTE MGMT INC DEL,44.8701480009556,4663078,42.06982685991354,4221957,44.73007251580328,3237777,47.529943368839426,4722665,-441121,-984180,1484888
3034,WATERS CORP,99.99741366490149,309318,108.40798126942778,250286,104.43732490279238,283414,99.12219123736902,310546,-59032,33128,27132
3035,WATSCO INC,96.06055831386129,298291,99.91634424343825,76504,102.75664213546213,80170,86.1773450708331,85765,-221787,3666,5595
3036,WATTS WATER TECHNOLOGIES INC,61.87736484735397,96465,58.686050002144185,46638,61.729386233809215,411036,58.25027650447708,631997,-49827,364398,220961
3037,WAUSAU PAPER CORP,12.683403093557049,110617,12.714558169103626,20449,10.82201243380152,47773,7.938439077802785,32878,-90168,27324,-14895
3038,WCI CMNTYS INC,19.093279502060724,23778,19.73960520789584,23810,19.279414780884665,14627,18.42864176689878,14217,32,-9183,-410
3039,WD-40 CO,74.67737310008603,52305,77.56003312172233,25361,75.21527976166185,24503,67.9428511545045,28627,-26944,-858,4124
3040,WEB COM GROUP INC,31.785352918600196,114644,34.02837052391985,123015,28.87127705130672,161129,19.96121465120445,128399,8371,38114,-32730
3041,WEBMD HEALTH CORP,39.50014473102881,262556,41.402992120673964,177934,48.30284762136559,53413,41.809825532104774,112055,-84622,-124521,58642
3042,WEBSTER FINL CORP CONN,31.180152861641325,1921607,31.06000563903663,1876207,31.54007369446795,2416735,29.139853516426406,2339648,-45400,540528,-77087
3043,WEIGHT WATCHERS INTL INC NEW,32.927504150525735,169858,20.54050890812519,649351,20.16943217125018,402639,27.44039384084661,222628,479493,-246712,-180011
3044,WEINGARTEN RLTY INVS,27.420406419757253,2846712,29.999934979754318,2460772,32.839974291377764,2293394,31.499790011013154,2773955,-385940,-167378,480561
3045,WEIS MKTS INC,52.54917976992717,14691,49.220672682526654,14628,45.74070430847925,20332,39.00688356768842,16997,-63,5704,-3335
3046,WELLCARE HEALTH PLANS INC,70.4197223525259,861236,63.52056047912977,981446,74.66051783377979,723823,60.340316404151714,577110,120210,-257623,-146713
3047,WELLPOINT INC,92.39018837534971,1621709,99.55031015585712,1244858,107.61027187180504,1533664,119.62038961427612,1637363,-376851,288806,103699
3048,WELLS FARGO & CO NEW,46.08033619955546,19516980,50.535489985022906,16471830,53.468369267463096,17922933,52.789790175836345,16740112,-3045150,1451103,-1182821
3049,WELLS FARGO ADVANTAGE MULTI,14.032222139728265,13469,14.525704180876597,15834,14.908593215368073,20458,13.994598575988213,12219,2365,4624,-8239
3050,WENDYS CO,8.718567593527572,324824,9.119160425900454,529983,8.5286599240727,341906,8.2614021593596,561648,205159,-188077,219742
3051,WERNER ENTERPRISES INC,24.722222222222218,61200,25.50333252754084,57914,26.508694169792022,93856,25.196157132868944,77234,-3286,35942,-16622
3052,WESBANCO INC,32.007315957933244,50301,31.823586639282237,46255,31.038872025849408,30639,30.61531517978035,13294,-4046,-15616,-17345
3053,WESCO INTL INC,91.0722508267403,191112,83.21928096938946,718968,86.37946324631598,764522,78.26072148149252,939539,527856,45554,175017
3054,WEST CORP,25.71023518705388,1130717,23.930240904441032,1117331,26.79938886403339,538669,29.468928927877286,19037,-13386,-578662,-519632
3055,WEST PHARMACEUTICAL SVSC INC,49.058163759294615,183843,44.04391961881086,48270,42.18465800056736,59927,44.75908198822445,49934,-135573,11657,-9993
3056,WESTAMERICA BANCORPORATION,56.459604652375724,76692,54.0785736825497,76056,52.27885512807217,77144,46.52568787618229,74432,-636,1088,-2712
3057,WESTAR ENERGY INC,32.17086728089545,236394,35.16227559383858,227545,38.18763897332988,235207,34.121081429975504,272676,-8849,7662,37469
3058,WESTELL TECHNOLOGIES INC,4.013974578161005,13453,3.6868686868686873,19800,2.4590555316812304,41886,1.8390352785927868,71233,6347,22086,29347
3059,WESTERN ALLIANCE BANCORP,23.85560373824038,96623,24.6021517832578,138118,23.800805565726836,202094,23.93114266178659,24863,41495,63976,-177231
3060,WESTERN ASSET EMRG MKT DEBT,17.196790939122227,52975,17.37559077008618,14388,18.39639014231169,17286,17.09816612729234,18540,-38587,2898,1254
3061,WESTERN ASSET HIGH INCM FD I,9.022126788989132,108511,9.343628225000364,69031,9.43695983731571,31472,8.972911963882616,53160,-39480,-37559,21688
3062,WESTERN ASSET MTG CAP CORP,14.880495534948395,221498,15.642146377755045,53765,14.170813891292186,405693,14.780207832258151,455271,-167733,351928,49578
3063,WESTERN ASSET MUN DEF OPP TR,21.323025126254755,32078,21.959459459459463,31968,22.410015649452273,31950,22.53521126760564,31950,-110,-18,0
3064,WESTERN ASSET MUN HI INCM FD,6.737708115392118,56399,7.003670277841806,56399,7.37601730527137,56399,7.260704138767508,60187,0,0,3788
3065,WESTERN DIGITAL CORP,83.90054165218774,1548226,91.82041199472795,1832305,92.30057822225555,1479189,97.3196152686082,1491950,284079,-353116,12761
3066,WESTERN GAS EQUITY PARTNERS,39.509062057079895,424738,49.11026905899379,514088,62.6993783106073,808764,60.9396236522989,907193,89350,294676,98429
3067,WESTERN GAS PARTNERS LP,61.69000565771486,3633976,66.19005358776329,4325801,76.48001884972047,4702457,75.00014000225248,4821351,691825,376656,118894
3068,WESTERN REFNG INC,42.410177113700655,2588789,38.59985393536214,1407596,37.550849909653394,521879,41.99022542217809,870012,-1181193,-885717,348133
3069,WESTERN REFNG LOGISTICS LP,25.869838612812423,2301174,31.15005851759596,2556496,32.710008259502885,2524365,34.819986808888075,2462264,255322,-32131,-62101
3070,WESTERN UN CO,17.249475228764318,2114731,16.36027840005472,1754310,17.34039124207896,1504695,16.04000750099156,1205174,-360421,-249615,-299521
3071,WESTFIELD FINANCIAL INC NEW,7.484168105929763,12159,7.463254893001294,13131,7.466596803772596,30536,7.0685938886775705,31548,972,17405,1012
3072,WESTLAKE CHEM CORP,122.06770896132255,298572,66.17945090390117,643931,83.75996362618196,778582,86.58963657623535,679042,345359,134651,-99540
3073,WESTMORELAND COAL CO,19.26764679024747,10951,29.791635880005913,33835,36.283734294889854,35498,37.41741124918696,29211,22884,1663,-6287
3074,WESTPAC BKG CORP,29.05049537770248,434416,32.06021132319819,500371,32.11940298507462,586250,28.10882417097757,628059,65955,85879,41809
3075,WESTPORT INNOVATIONS INC,19.610793672324053,471832,14.500492934604011,24344,18.02229072800569,33736,10.51043624493026,40436,-447488,9392,6700
3076,WET SEAL INC,2.729872605945056,184624,1.3202013307029323,266626,0.9105731238567472,372293,0.5265476740562439,279177,82002,105667,-93116
3077,WEX INC,99.03051866561856,72513,95.04572268893361,59161,104.97551857946812,49221,110.3260220532622,50242,-13352,-9940,1021
3078,WEYERHAEUSER CO,31.76656554053391,2546325,29.64643683462416,1855906,33.090040443698115,4228100,31.86014057036888,2126764,-690419,2372194,-2101336
3079,WGL HLDGS INC,40.060228188488786,94308,40.053546708854974,65737,43.107577354152696,62634,42.119296859569424,81008,-28571,-3103,18374
3080,WHIRLPOOL CORP,156.8600228307483,1361322,149.46001663589425,585481,139.21984190628942,837984,145.65073648372984,568648,-775841,252503,-269336
3081,WHITE MTNS INS GROUP LTD,602.9471960704053,2443,599.7466751108296,3158,608.6720867208672,1845,629.9395629939562,2151,715,-1313,306
3082,WHITEWAVE FOODS CO,22.93985350164452,467309,28.540449184572378,518317,32.3699748734374,672197,36.33137375800735,212461,51008,153880,-459736
3083,WHITING PETE CORP NEW,61.869944200794,2116876,69.39013297779297,2058088,80.25014713215838,2225890,77.5494458717828,2104928,-58788,167802,-120962
3084,WHOLE FOODS MKT INC,57.82984160870207,7509756,50.709935442620925,7663725,38.63001630456647,13696163,38.109994684512955,18803545,153969,6032438,5107382
3085,WILEY JOHN & SONS INC,55.193598460832106,91478,57.641585844530745,96302,60.58549526483018,64834,56.10594938658179,58443,4824,-31468,-6391
3086,WILLBROS GROUP INC DEL,9.422956927501108,110581,12.62515128176917,145424,12.352032938754506,134067,8.329688125308289,107447,34843,-11357,-26620
3087,WILLIAMS CLAYTON ENERGY INC,81.83508989460631,3226,112.96546401697859,10366,137.37880468863057,20731,96.48793900762405,8001,7140,10365,-12730
3088,WILLIAMS COS INC DEL,38.570009683000436,9309098,40.580025861003044,11274118,58.210014129445476,13691974,55.350005735566505,13695247,1965020,2417856,3273
3089,WILLIAMS PARTNERS L P,50.85997231904221,4488284,50.940110305161525,4307686,54.28995721933804,2960216,53.049855833151284,2764852,-180598,-1347470,-195364
3090,WILLIAMS SONOMA INC,58.27919865534003,440260,66.64016984595229,500689,71.77992588587479,606632,66.56886816492066,419911,60429,105943,-186721
3091,WILLIS GROUP HOLDINGS PUBLIC,44.80987191694567,2344104,44.128657155153505,615745,43.29957928333091,861625,41.40068894500408,843899,-1728359,245880,-17726
3092,WILSHIRE BANCORP INC,10.932667339276561,181383,11.100301430599194,62701,10.296182389516613,14957,9.22599301478412,79883,-118682,-47744,64926
3093,WINDSTREAM HLDGS INC,7.979880548999961,3033880,8.240067069631642,5458208,9.959959362044078,7868506,10.779992065345638,9265684,2424328,2410298,1397178
3094,WINMARK CORP,92.5956329010015,6091,75.56591211717709,3004,69.67777471770863,3631,73.51225204200699,3428,-3087,627,-203
3095,WINNEBAGO INDS INC,27.451492781080557,76535,27.393663574304213,34278,25.16545469401095,24478,21.805697318363183,10777,-42257,-9800,-13701
3096,WINTRUST FINL CORP,46.12082841506599,139785,48.662507262118275,79178,45.99976513613717,59609,44.665601316393214,63203,-60607,-19569,3594
3097,WIPRO LTD,12.591802960074913,169793,13.399097934745338,265391,11.888051890111024,291385,12.160440706092094,648414,95598,25994,357029
3098,WISCONSIN ENERGY CORP,41.34006161592943,648209,46.55054840372093,768412,46.91895155099778,768602,42.99928467392335,464124,120203,190,-304478
3099,WISDOMTREE INVTS INC,17.711782245230214,218668,13.118398664483609,249192,12.361347057060057,100070,11.384115416810284,101545,30524,-149122,1475
3100,WISDOMTREE TR,47.96045115240824,3773359,50.41489152458911,2140439,53.30996714129244,2510750,54.6396739855348,5023090,-1632920,370311,2512340
3101,WISDOMTREE TRUST,47.127653702765215,5978910,47.049252322751535,7887628,48.54851885001462,8443203,50.958890178068074,10226145,1908718,555575,1782942
3102,WOLVERINE WORLD WIDE INC,33.95892808742284,394771,28.55143738768443,198659,26.060359079563398,431882,25.06467884416173,192103,-196112,233223,-239779
3103,WOODWARD INC,45.61181733477908,183527,41.52988334595949,689046,50.180454227537936,839271,47.620136645607616,874525,505519,150225,35254
3104,WORKDAY INC,83.15838973514937,357258,91.431286170856,301002,89.85958661466339,441767,82.50059133074006,854006,-56256,140765,412239
3105,WORLD ACCEP CORP DEL,87.52427876965618,91129,75.08100108001442,74999,75.95731324544884,81243,67.5033921302578,76648,-16130,6244,-4595
3106,WORLD FUEL SVCS CORP,43.15770053366314,146347,44.1037500513585,170371,49.22924316238291,125007,39.91283061675325,100494,24024,-45364,-24513
3107,WORLD WRESTLING ENTMT INC,16.571597167584578,20336,28.87887477809641,183075,11.930370976469192,151546,13.781697905181918,18140,162739,-31529,-133406
3108,WORTHINGTON INDS INC,42.079000601527426,393997,38.25082984557656,173225,43.03664845279065,137441,37.22278457716021,86936,-220772,-35784,-50505
3109,WPP PLC NEW,114.86346591824058,43469,103.08682910133273,46747,108.98318596898102,55192,100.44292041720246,55992,3278,8445,800
3110,WPX ENERGY INC,20.380002377867104,832679,18.02990366188669,1078597,23.91022172774404,1181043,24.0601893638018,1851357,245918,102446,670314
3111,WRIGHT MED GROUP INC,30.71736989621998,52804,31.06401110607123,72753,31.398755034785797,43696,30.310166184484963,29726,19949,-29057,-13970
3112,WSFS FINL CORP,77.5274947554562,239773,71.43231106904814,248305,73.66793512117869,266466,71.60825624597568,250041,8532,18161,-16425
3113,WYNDHAM WORLDWIDE CORP,73.69031740351562,553302,73.22995141794361,456753,75.71920491190993,548870,81.25950108796772,637427,-96549,92117,88557
3114,WYNN RESORTS LTD,194.20967574003066,883612,222.1484285856393,341794,207.56054031354984,342912,187.08264157904446,216840,-541818,1118,-126072
3115,XCEL ENERGY INC,27.93992350308645,7471674,30.360043319911593,6314879,32.230101582414484,6136003,30.399707007706414,2277193,-1156795,-178876,-3858810
3116,XENOPORT INC,5.744049067808987,102715,5.172413793103448,110780,4.831907346547374,107411,5.3803827301921165,106498,8065,-3369,-913
3117,XERIUM TECHNOLOGIES INC,16.493527249480582,31285,16.065416065416063,31185,13.949013949013949,31185,14.613042781605511,31205,-100,0,20
3118,XEROX CORP,12.16991215173085,9515270,11.29999748422026,25081687,12.439971621189821,23265246,13.230039454239318,20179834,15566417,-1816441,-3085412
3119,XILINX INC,45.92004607450814,11737510,54.270001495892906,10869762,47.309891074875935,7862098,42.34993350941548,6905489,-867748,-3007664,-956609
3120,XINYUAN REAL ESTATE CO LTD,5.342520471340124,20028,5.0418022847660975,15669,4.2120911793855305,20180,2.95205245331096,32181,-4359,4511,12001
3121,XL GROUP PLC,31.840075400396444,7581923,31.25007744471273,7263246,32.73001650658848,7204396,33.16993432190711,6666911,-318677,-58850,-537485
3122,XOMA CORP DEL,6.7535216591487535,39683,5.209060491538888,207715,4.591135960565055,340003,4.203286205578906,15702,168032,132288,-324301
3123,XOOM CORP,27.301683603822237,6593,19.498029454470032,14463,26.359920343779482,19082,21.878646441073517,6856,7870,4619,-12226
3124,XPO LOGISTICS INC,26.255122950819672,7808,29.417008379390268,33654,28.63178255115545,39292,37.667527446369576,138634,25846,5638,99342
3125,XYLEM INC,34.599225636378605,558394,36.42018869213052,483221,39.080884049277905,498479,35.489952351356955,482700,-75173,15258,-15779
3126,YAHOO INC,40.43998591899108,4823518,35.90006866373348,5350714,35.1300250146129,6297519,40.75009695627589,5832526,527196,946805,-464993
3127,YAMANA GOLD INC,8.619260378036609,934883,8.780072950980365,1810805,8.220374798263006,1762815,5.999503880364293,1410950,875922,-47990,-351865
3128,YANDEX N V,43.15300922416709,171506,30.19023282226008,1408800,35.639979378064815,1251095,27.789925326952428,121195,1237294,-157705,-1129900
3129,YELP INC,68.94842616984873,147284,76.9322783030999,167199,76.6720445878557,81816,68.24722158673586,83051,19915,-85383,1235
3130,YINGLI GREEN ENERGY HLDG CO,5.05038993178229,307105,4.3498562531474505,1254984,3.739717485761504,1316677,3.1097021998658136,1126796,947879,61693,-189881
3131,YORK WTR CO,20.9349505762507,23167,20.3793559770622,22670,20.80836692450158,36716,20.005780161202274,31141,-497,14046,-5575
3132,YOUKU TUDOU INC,30.29957096620418,797140,28.03994277415612,554994,23.865798120712515,34694,17.91906214148218,311177,-242146,-520300,276483
3133,YPF SOCIEDAD ANONIMA,32.94432839887386,44044,31.166134498227194,51049,32.680396336721536,218602,36.99011791839446,1311161,7005,167553,1092559
3134,YRC WORLDWIDE INC,17.36670605507215,83781,22.49877511024008,51025,28.11663195477536,26888,20.331325301204817,27888,-32756,-24137,1000
3135,YUM BRANDS INC,75.61006422870908,6451165,75.39004238143895,6684530,81.19980131770753,5739817,71.98005278043141,6153038,233365,-944713,413221
3136,YY INC,50.27663351660664,58019,76.36122299691813,545447,75.49888864463496,81882,74.88448605365653,82674,487428,-463565,792
3137,ZAGG INC,4.357656731757452,24325,4.606756576311924,29956,5.434199706839227,55942,5.573678814428184,53645,5631,25986,-2297
3138,ZAZA ENERGY CORP,0.961529979446194,113361,0.7513695672896306,178341,0.8811905278594303,152067,3.6099046759546503,17729,64980,-26274,-134338
3139,ZEBRA TECHNOLOGIES CORP,54.08155573980552,106136,69.40742684324638,144826,82.32237066589673,190495,70.97355769230771,83200,38690,45669,-107295
3140,ZELTIQ AESTHETICS INC,18.80621422730989,3669,19.612297440557324,39618,15.199637023593464,4408,22.631462169957853,22535,35949,-35210,18127
3141,ZEP INC,18.162595468030048,63372,17.673153978248425,13976,17.673153978248425,13976,14.024041213508873,13976,-49396,0,0
3142,ZILLOW INC,81.72771871179411,64617,88.0982100935607,87323,142.92996038004281,1502778,115.98995222054268,1809355,22706,1415455,306577
3143,ZIMMER HLDGS INC,93.18907864351179,582858,94.58088576286907,621024,103.859729272048,2276455,100.55013193798136,2113493,38166,1655431,-162962
3144,ZIONS BANCORPORATION,29.95980041529427,4797562,30.97973954343177,1917479,29.46939630496214,983427,29.05986380213329,787237,-2880083,-934052,-196190
3145,ZIOPHARM ONCOLOGY INC,4.341473596326445,95820,4.5748444552885195,32788,4.050632911392405,21725,2.6382846233889667,122049,-63032,-11063,100324
3146,ZIX CORP,4.555764117002972,51144,4.146445770811253,53781,3.4401633522727275,45056,3.4115878339308434,34588,2637,-8725,-10468
3147,ZOETIS INC,32.689778996893004,2368202,28.940085492882318,2403241,32.26974564926372,1494000,36.95005687617977,1130526,35039,-909241,-363474
3148,ZOGENIX INC,3.4410206979467883,96483,2.8481584224444143,215929,2.0151072712792915,165748,1.1544229503598131,92687,119446,-50181,-73061
3149,ZUMIEZ INC,25.998300764655905,111815,24.235357148484894,63461,27.5868562282271,63726,28.10170139552667,99389,-48354,265,35663
3150,ZYNGA INC,3.7996870489198336,659528,4.299350569325512,1071092,3.210367082607983,903012,2.7001095941003848,1245505,411564,-168080,342493
